2.7640
2.2556
3.0488
2.7655
2.9511
2.9749
2.7280
1.9159
2.7320
2.7288
2.8189
1.9650
2.9665
2.2556
2.9220
2.4293
2.8530
2.8478
2.8725
2.3197
2.4547
2.5564
2.5796
2.2297
3.3993
2.9505
2.5858
2.2951
3.2096
2.5696
2.0172
2.4708
2.0634
2.8153
2.4383
2.6301
2.8278
2.4064
2.7327
3.0992
2.8402
2.6943
2.6803
2.5216
2.9194
2.8184
2.4420
3.1994
1.9383
3.1580
2.3641
2.7777
2.9692
2.6972
3.3191
2.7581
2.3159
3.6467
2.8696
2.3973
3.0544
3.0887
2.6579
2.0467
2.2819
2.8022
2.6334
2.7395
3.3022
3.1603
2.2339
2.4727
3.0113
2.4089
3.0623
2.6006
2.4146
1.6532
2.2225
2.1655
2.9516
2.4504
2.9542
2.6566
2.6378
3.2526
2.6691
2.5808
2.7613
2.9410
2.6981
2.1693
2.3896
3.5108
2.7522
2.7114
2.9942
1.9134
2.4631
2.8786
2.8674
3.4581
2.1433
2.1534
2.5734
2.8837
2.3726
2.5423
3.0230
3.0366
2.4441
2.3237
2.8226
2.6825
2.7294
2.9408
2.9489
3.0270
2.4008
2.5263
2.9115
2.7217
2.5102
3.0472
2.4860
2.1641
2.7514
3.7694
3.1594
2.7611
1.8708
2.8526
2.6717
1.7898
2.7233
3.1099
3.6279
3.6663
3.8199
3.0960
2.8578
2.6741
2.3784
2.7474
3.3636
1.9502
2.4796
2.5621
2.9362
2.6407
3.0140
2.6891
3.1203
2.1799
3.1752
2.4476
2.7752
2.3108
2.9659
3.3716
2.3924
3.0426
3.0013
2.2732
2.9455
2.3459
2.0798
2.3569
2.6317
2.7945
3.1988
2.8929
3.2504
2.7826
2.5728
2.7013
2.2521
3.1745
3.0337
2.3368
2.7783
2.4379
2.1567
1.5656
3.0201
2.9678
2.3137
2.4133
2.5141
2.4135
3.2406
2.8092
2.3426
1.8051
1.6164
2.9249
2.8119
2.6101
2.1412
2.5865
2.5366
2.6545
2.0222
2.4413
2.6352
2.6272
2.8883
2.4454
2.3084
2.7921
3.5150
2.0859
2.1999
3.2826
3.0131
3.1763
3.1950
2.3856
2.8725
2.2103
2.3816
2.6134
2.6267
2.1890
2.7989
2.4375
2.4814
3.0908
2.7091
2.8279
3.4187
2.2434
2.5533
2.6702
2.8145
2.4819
3.0722
2.6017
2.4733
2.3527
2.7241
2.5924
2.3476
2.4015
2.7935
2.5967
2.5526
2.4356
2.8512
2.4264
3.4672
2.8105
2.9312
2.9638
2.5580
2.0665
2.5374
2.7600
2.4546
2.6521
2.2894
3.1768
2.5979
2.8291
2.8868
3.0208
1.9913
2.5946
3.1349
2.8776
2.6139
2.6079
1.9281
2.3810
2.2295
2.7174
2.5690
2.2073
3.0358
2.5525
2.8403
2.6128
3.0190
2.9988
2.1488
3.0166
2.6315
3.4014
2.9567
2.7944
2.3356
3.1679
2.3889
2.7601
1.8316
2.5270
3.1278
2.3367
3.0429
3.4635
2.7102
2.9823
2.2182
1.9014
3.0038
3.0491
2.6012
2.5264
2.9213
2.8394
3.2594
2.6681
2.6176
2.1815
3.0596
3.0923
2.4655
2.8208
3.1255
2.4484
2.5224
2.8772
3.3259
2.4362
2.6343
2.7460
2.7197
3.1696
2.8347
2.5225
2.3498
2.8617
2.6648
2.3351
2.5604
2.9810
2.6917
2.7489
2.5579
2.8447
3.1832
2.6070
2.2877
2.8728
3.3237
1.9620
3.4781
2.4717
2.4486
2.5706
1.9153
3.1757
3.1744
2.2162
2.7409
1.8072
2.5597
2.3637
3.0887
3.2276
3.0383
2.7026
2.3693
3.3266
2.4848
2.2134
2.4424
2.8861
3.1719
2.5104
1.7979
1.9268
2.4531
2.8258
3.1340
2.5838
2.3635
3.4009
2.6984
2.5995
2.4552
3.1472
3.1073
2.3901
2.2824
2.7311
2.1053
2.5540
2.6485
2.2262
2.3993
2.8162
2.3059
2.6176
2.3991
3.2313
3.2071
3.4797
2.9917
2.7090
2.5377
2.3878
2.7064
2.6090
2.9119
2.0283
2.5250
2.2236
2.5226
2.8029
2.8944
3.6802
2.7539
2.5599
2.6215
3.4353
2.3088
3.0168
2.1690
2.7263
2.6969
2.6066
2.8375
2.0190
2.8739
1.8245
2.5055
2.4891
3.0525
2.7178
3.5475
2.4628
2.9889
1.9584
2.5348
2.6556
2.7150
3.2014
3.0151
2.3452
2.3131
1.9600
2.8393
2.6551
1.2638
3.2017
2.7694
3.1494
3.1897
2.4924
3.5650
2.6027
2.3739
2.2536
1.8212
2.5070
2.9074
2.3779
2.6570
2.5556
2.5855
2.4022
2.7201
2.2992
2.1536
3.0608
2.2575
3.0332
1.6525
2.6509
2.2239
3.3576
2.4429
2.3479
3.1263
2.6270
2.6578
2.6433
2.5032
2.5667
2.8316
2.6642
2.3483
2.2390
2.1308
2.2631
2.5764
3.2045
3.2703
2.5974
2.9158
2.3956
2.9829
2.8245
2.9161
2.3778
2.8590
2.5176
2.9637
3.8338
3.3616
2.7330
3.2571
2.9757
2.9870
2.8073
3.0862
2.0958
2.4001
2.8686
2.6869
2.7680
2.9964
2.9192
2.9995
2.3027
2.6753
2.4094
2.4921
3.4209
3.1527
3.1796
2.2679
3.6159
2.9946
2.0865
2.2756
2.3551
2.7479
2.9616
3.0334
2.3887
2.9670
2.6808
2.8330
3.0286
2.5475
2.4727
2.7657
3.1293
2.3906
2.8395
2.1408
2.9514
3.1694
3.6841
2.7037
1.8053
3.2837
2.3405
2.2616
2.9575
1.9412
2.7586
2.9402
2.4834
2.6256
2.3273
2.1226
2.2757
3.0094
2.5855
2.1852
2.3574
3.1066
3.2688
2.5033
2.6042
3.0399
3.1977
2.2394
2.4754
3.1391
2.3589
2.1280
2.5909
2.9290
3.0229
3.0658
2.8736
3.1885
2.5353
3.0650
2.9726
2.5902
2.3896
3.0250
3.3222
2.6337
2.5946
3.1042
2.7623
2.4167
2.5727
2.8006
2.7358
2.9739
1.8883
2.9803
2.1080
2.8993
3.2797
2.6201
2.6847
3.1032
1.9716
3.1250
2.3040
2.2910
3.0578
2.5134
1.9917
2.4176
2.2063
2.6312
2.5879
2.5855
2.6903
1.8144
3.4464
2.0244
3.0237
2.7090
2.8613
2.7962
1.4847
3.1131
2.5029
3.0428
3.2464
3.1120
3.0375
2.4419
2.5114
3.2361
2.8005
2.3713
3.0709
2.3446
3.6177
2.8871
3.7976
2.5445
2.7533
2.8360
2.1624
2.9980
3.2140
2.9061
2.9536
2.9643
2.4771
1.8729
3.0901
2.4928
2.2138
2.5674
2.6241
2.3214
1.8741
3.4100
2.1465
1.8009
3.3157
2.7744
2.5910
2.2758
2.5985
2.3356
3.0656
2.6808
2.5103
3.4722
2.3761
2.4123
2.3896
2.7087
3.0947
3.2915
2.5593
2.3645
2.7515
3.0929
2.6010
2.7673
2.7899
2.6290
1.9035
2.1517
2.5669
2.5497
3.1692
2.9297
2.9396
3.1181
2.6887
2.5502
2.8581
2.4570
2.9868
2.1694
2.7205
2.5843
2.4993
1.7800
2.2361
2.4234
2.2417
3.0916
3.3401
2.8674
2.2862
2.5486
2.8401
2.5799
2.9747
1.8993
2.6283
1.9453
2.6547
2.0740
3.0857
2.6109
2.9473
2.6381
1.8952
2.3991
2.4951
2.5130
2.4115
2.9932
3.0899
2.0691
2.2014
2.7138
2.2878
2.7771
2.9454
2.8551
2.9830
2.5379
2.3948
2.2163
3.2367
2.7869
2.6040
2.4843
2.5838
2.9308
2.0312
2.5041
2.8546
3.3863
2.5271
2.7315
2.5476
3.1604
2.5618
3.0858
3.3350
2.7358
2.9232
2.8353
2.8908
2.6354
2.5930
2.5296
3.3496
1.8153
2.9356
2.7746
2.5724
2.6883
3.1839
2.0438
2.3390
2.3959
2.5446
2.3181
2.2304
3.0003
2.8640
2.2147
2.5541
2.3003
2.7019
2.1554
3.0587
2.6148
3.1564
2.8496
2.4640
2.6378
2.3514
2.8188
2.9601
2.5151
2.4911
2.4383
2.6811
2.6090
2.4114
2.5210
2.6330
2.9541
3.1579
2.5825
2.1800
3.0853
2.5042
2.1964
3.1499
3.3751
2.1142
2.2567
3.3299
3.1885
2.9782
2.4003
3.3144
3.1195
3.4433
2.1792
2.8448
2.8801
2.7075
3.0407
3.0438
3.3415
2.0678
2.3358
2.4348
2.6384
2.7918
2.1829
1.9171
2.1906
2.2439
3.0554
2.3580
2.6250
2.7735
2.3070
2.4188
2.6661
2.6221
3.0219
2.3019
3.0274
2.5087
2.4871
2.8167
3.0743
2.8406
2.7036
2.5833
2.5424
2.6380
2.2308
2.3917
2.7723
2.4868
2.3956
2.7193
2.3011
3.0553
3.6562
2.8703
2.9358
2.1042
3.2582
2.6009
2.5341
3.0389
2.9736
2.7276
2.3974
3.6331
3.2054
1.6889
2.7738
3.0434
2.8621
2.7076
2.2601
2.7627
2.8519
2.5939
2.4338
2.9939
3.0234
2.9902
2.8089
3.3145
2.5387
3.1121
2.6745
1.5918
2.6590
3.0328
3.1357
3.1650
2.4561
3.2366
2.6978
3.0002
2.0123
2.7364
2.3643
2.1492
3.3290
2.8830
3.3597
2.2626
2.2863
2.4954
2.6074
2.8089
2.7068
2.8008
2.7785
2.5618
3.1825
3.3668
3.3516
3.3040
2.2378
2.4983
2.6133
2.7008
2.7545
2.3024
2.2394
2.2936
3.0789
3.0133
2.4851
2.4987
2.3881
2.6807
2.7192
2.2194
2.7464
2.7258
3.0073
2.8929
2.9034
2.5867
2.7431
2.0778
3.5189
2.7879
2.9136
2.7457
3.1793
2.8624
2.8196
2.8077
2.3839
2.1110
1.8274
2.5513
2.7409
3.0411
1.9002
2.1429
2.8327
2.6887
2.6930
2.9001
3.0372
2.0644
2.4551
2.3557
2.7192
3.4355
3.7397
3.1795
2.7291
2.4304
3.2813
2.4481
2.6207
2.8420
3.2274
2.7942
3.0641
2.9345
3.4261
2.4957
2.6729
2.5133
3.0523
2.0496
2.6564
2.9004
2.1575
1.8877
2.3111
2.3816
3.7367
2.6148
3.1335
2.5816
2.1676
3.3062
3.0880
3.6564
2.2385
2.5167
2.8881
2.7806
3.0003
1.6430
2.1349
2.2397
2.5800
2.9579
2.3586
3.1665
3.3608
2.5527
3.0304
2.8598
1.5394
2.8682
2.6680
2.5851
2.6367
2.5488
2.1258
2.8725
3.1077
2.5087
2.5695
2.8010
3.1571
3.2351
2.3924
2.8510
3.0495
2.1713
2.6498
2.5145
2.0749
2.4475
2.7751
2.8661
2.6181
2.3100
2.8296
2.1426
3.0883
3.4643
2.9544
2.2855
2.7167
3.0340
3.0276
1.9828
2.6105
2.7519
2.8764
2.2872
2.7467
2.6721
3.3719
2.3211
1.8386
3.2822
2.6348
2.6004
2.9934
2.4877
2.6056
2.4456
2.2779
2.4844
1.8985
2.7753
2.7806
3.3515
2.4544
3.0481
3.3193
2.7803
2.8056
3.0877
2.5091
3.3352
3.1284
3.5342
2.1058
2.4354
2.1498
2.6802
2.8113
2.4622
2.3874
3.0411
2.4688
2.9348
2.6048
2.3367
2.3740
3.4518
2.6888
2.4292
3.2411
3.0595
3.1374
2.7134
2.6346
2.4112
2.7054
2.6584
2.6185
2.2181
2.5743
3.7400
2.7976
2.4436
1.7149
2.7093
3.2431
2.7021
3.2409
2.5847
2.3814
2.6266
3.0084
2.9132
3.1792
3.0352
2.6968
2.1172
2.4136
2.8411
2.5686
2.9496
2.7198
2.9674
3.0201
3.2232
2.3788
1.7009
3.2461
2.1736
2.7637
2.4699
2.6762
2.7567
3.0533
2.8286
2.5226
2.1448
2.2061
2.5947
3.2494
3.1077
2.3802
3.3861
2.3955
2.9037
2.1218
2.4418
2.3248
2.6489
2.2429
2.8371
2.3316
2.3760
2.2268
2.6255
3.1999
3.2727
2.7951
1.7934
2.6770
1.4075
2.5528
3.6565
3.0963
2.6360
3.3387
2.9685
2.6011
1.9917
2.2174
2.3463
2.1062
2.8435
2.8481
2.4468
2.9486
2.7804
2.4651
2.3120
3.3011
2.1581
2.6175
2.9874
2.5852
2.1472
3.1705
3.0980
2.4073
2.3950
2.7139
3.0604
3.1649
2.5381
2.4239
2.3228
2.4723
1.5328
2.8009
2.8924
2.7848
1.5818
2.9682
2.1591
2.6717
2.0767
3.3669
2.8590
2.4571
3.2625
2.6500
2.5684
2.2873
2.6655
2.8875
2.5708
2.5536
2.0676
3.1353
2.0728
2.7961
2.3209
3.1272
2.6221
2.3139
2.7359
3.1998
2.9089
2.9677
2.5789
2.4058
3.2526
2.4940
2.2624
3.1408
3.1522
3.0938
2.3028
2.4503
2.3346
2.7608
2.1951
2.7359
2.6589
2.4272
2.6183
2.2734
2.9044
2.4795
2.6168
2.8048
2.5401
2.7993
3.2127
2.2362
2.6269
2.8422
2.2101
2.7072
3.2623
2.3087
2.8499
3.0103
2.3341
2.3221
2.5269
2.2238
2.5018
2.2464
2.3592
2.0507
3.1861
2.8793
2.5592
2.6214
3.3469
3.1111
2.3876
2.6967
3.0049
2.7159
2.0750
2.6085
2.9153
2.8412
2.7915
3.1434
2.7184
2.5182
2.7920
2.6298
2.3173
2.6170
2.3001
2.5781
2.3987
2.9271
2.9031
2.8791
3.3487
2.3363
2.3655
3.2614
2.8055
2.6512
2.6959
2.7957
3.6268
3.3189
2.6478
2.2168
2.9862
2.1893
1.9744
2.4405
2.4296
3.0536
3.0272
3.2642
2.3643
2.4619
2.2816
2.7294
3.0179
2.6361
2.8801
2.7789
2.2078
2.2399
3.0180
3.5619
2.3623
2.6487
2.8539
2.4202
2.1035
2.7244
2.1617
1.7880
2.4004
2.5752
2.5320
2.4999
2.6750
3.1677
2.7488
2.6048
1.7080
2.8516
2.6627
3.5281
2.5113
2.3545
2.7867
2.5526
2.4617
3.4279
1.4378
1.7518
1.7345
2.9181
3.1050
3.8689
2.4086
3.2871
2.5215
2.4175
2.6986
2.9248
3.3795
2.2467
2.0787
3.2273
2.3614
2.3692
2.5266
2.4776
2.8731
2.3557
2.9196
2.5441
2.3655
2.8638
2.4116
2.1745
1.7900
2.6935
2.2432
2.3441
2.9629
2.8805
2.5701
2.8196
2.7336
2.5942
3.2374
2.5167
2.3666
2.3971
3.6073
2.3957
2.9305
3.0253
2.6228
2.2720
3.4564
3.1299
2.7048
3.2211
3.0608
2.6989
2.9697
2.6515
2.9409
2.1444
3.1375
2.4683
2.8821
2.6478
2.5980
2.6505
2.8201
3.0561
2.1207
2.1047
2.4050
2.4977
3.1733
2.3832
2.5544
2.7259
3.1576
2.6946
3.3764
2.5222
2.8529
2.8370
3.0633
2.1012
2.6311
2.3241
2.5632
2.7446
2.3701
2.2182
3.1776
3.2352
2.4517
2.6049
2.5004
3.1969
3.1257
3.4011
2.8606
2.0048
2.5809
2.1849
3.2043
3.5734
3.1760
2.7707
2.1711
2.7020
2.3774
2.5932
2.6481
2.3149
2.5615
3.2738
2.6477
2.8812
3.2470
2.8434
2.2357
2.5612
2.9157
2.4891
3.1913
2.6324
3.2411
2.6851
2.3028
3.3529
2.4354
2.6883
3.2602
2.5644
2.2326
2.0128
2.7912
3.4416
2.6260
2.0849
2.1106
2.7989
2.4532
2.4607
2.9207
2.4237
2.6171
2.3956
3.2978
2.7144
2.0607
3.3093
2.6726
2.5515
3.0157
2.8621
1.6564
2.5533
2.8523
1.9916
2.7289
2.8389
2.5331
3.0709
2.6914
2.5345
2.6363
3.4997
3.3571
2.4223
2.9123
3.1926
2.5661
2.0754
3.1309
1.8308
2.5091
1.9428
3.0535
3.2042
2.7896
2.6391
2.6233
2.7687
2.6979
2.1706
3.2985
2.6294
2.0969
2.6731
2.7714
2.5062
2.2820
3.0945
2.0553
3.4190
2.5409
1.6223
2.8026
3.3029
2.8606
3.0845
2.7394
2.7071
3.1266
2.2462
2.5298
2.5897
2.3760
1.7703
2.1271
2.9451
2.6672
3.1737
2.0499
2.7243
2.7124
2.5726
2.7115
2.7827
2.1689
2.7035
1.7682
2.5265
2.4897
2.6895
2.3866
2.3152
2.9253
3.5217
2.2974
2.8135
2.1816
2.8347
2.8134
3.0185
2.9329
2.8900
3.3710
2.8340
2.1165
1.3237
3.1178
2.5778
2.9911
2.4680
2.8692
2.8087
2.9101
2.9124
2.5342
2.2930
2.7828
3.0248
1.8240
2.1814
2.0388
2.9563
2.4601
2.7494
2.5311
2.4225
2.3663
3.2035
2.6795
2.2686
2.4408
3.0693
3.2401
2.5371
3.1135
3.0732
2.8365
3.2794
3.0988
2.0170
1.7446
2.7570
1.7927
2.4804
1.7747
2.6955
2.0500
3.1932
2.8578
2.5934
2.2539
2.4502
1.6922
2.4034
2.4820
3.2466
2.0590
2.3285
2.9297
2.5216
2.5444
2.9535
2.7405
2.1339
2.8225
3.0595
1.9374
2.4906
2.8578
2.9452
3.1887
2.2019
3.5832
2.4443
1.8390
2.8782
3.0575
2.1790
3.5443
2.1804
2.9283
2.7520
2.2525
1.9605
2.9213
1.9311
2.4497
2.3405
3.4107
2.9216
2.0901
2.6031
2.4107
2.8938
2.4467
2.8301
2.3048
2.6127
2.5070
2.2972
2.8631
2.7831
2.9904
2.5624
3.0552
2.3070
3.4599
2.6663
3.1387
2.5616
2.3914
2.4846
3.2021
2.0606
2.5778
2.8911
3.1979
2.5351
3.5059
2.2806
2.7580
2.5585
2.3730
3.0018
1.8870
2.5605
1.9757
2.5724
2.9207
2.8952
2.1433
2.4028
2.9687
2.7810
2.1930
2.9094
2.5028
2.6785
2.6763
2.6049
2.4150
2.8665
2.4212
3.0582
2.2703
3.0330
2.3711
2.4743
2.2078
2.5032
2.3476
3.0639
3.4433
2.5591
2.6955
1.7550
3.0952
2.9879
2.8832
2.7211
2.3238
2.3192
3.1018
2.2963
2.6999
2.7368
2.8558
3.2231
2.4629
2.4144
3.1824
2.7762
2.3432
3.0926
2.3105
3.1920
2.9158
2.9139
2.7696
2.9583
2.4303
3.0106
2.6876
2.9398
2.6387
3.4791
2.6051
2.7033
2.9501
2.2195
2.5542
2.4693
2.4486
1.6510
2.9972
2.7189
2.7447
2.6064
2.7751
3.4353
2.1111
2.6004
2.6523
2.5429
2.8165
2.6958
2.8926
3.1264
1.9616
2.7819
2.6683
2.9045
2.5825
3.1073
2.4295
2.9604
2.6090
2.8180
2.2131
2.5840
2.7794
2.5144
2.6928
2.5778
3.0852
3.2537
2.5616
2.4437
2.0503
3.0193
2.3400
2.4972
2.5013
2.4855
3.0432
2.2948
1.6960
3.2459
2.6016
2.6722
3.2402
3.0991
3.4673
2.5233
3.5522
2.2269
2.4973
3.0885
2.8259
1.9271
2.4099
2.6590
2.9381
2.7013
2.6792
3.2525
3.4710
3.2359
3.4879
2.4737
2.4940
2.4816
2.9067
2.6368
3.1431
3.1189
2.8430
1.7619
2.4700
3.1175
2.9985
3.3303
3.4793
2.0031
3.3175
2.4324
2.6849
2.2770
3.2027
2.5964
2.8873
2.4802
2.8668
2.3687
2.7660
2.6749
2.2156
2.7561
3.1107
2.7523
2.8268
2.7945
2.7473
3.3876
2.6721
2.5911
2.1967
3.2802
2.4009
2.5422
2.0596
3.3686
2.5183
2.4243
2.6028
2.8053
2.3766
2.8435
2.2216
1.9560
2.8882
2.4376
2.2261
2.3177
2.9860
2.8795
2.6685
3.1799
3.7144
3.2514
2.6683
2.6953
2.4599
2.9927
2.8573
2.5841
2.2473
3.4586
2.5946
1.9088
2.0746
2.5763
2.4737
2.7048
3.0977
2.7131
3.0352
2.6507
3.2167
2.5648
1.9862
2.7622
3.0413
3.0262
2.3297
2.7998
2.4226
2.7038
2.6927
3.1729
2.8437
2.7088
2.6250
2.5833
3.0334
3.1443
2.2771
2.0296
1.8200
2.8109
2.9786
3.6486
3.3253
2.7057
2.9111
2.4556
2.5037
2.3342
2.3782
2.3633
1.7980
3.1055
2.7230
2.5987
3.0072
2.7229
2.6222
2.5233
2.5366
2.0006
2.3844
3.1867
2.8532
2.9322
2.3275
2.3627
2.8793
2.4303
2.3943
1.7750
2.8987
3.1866
2.7019
3.3067
2.7514
1.9841
1.9264
2.8300
3.3378
2.5130
2.9289
2.9791
2.7666
2.2005
3.2781
3.2404
3.0714
2.7129
2.6076
2.9861
3.0805
3.2612
2.4827
2.8267
2.3038
2.9808
2.7529
3.4578
2.6649
2.6032
3.2530
3.1023
2.9005
2.9844
3.0161
3.5148
2.7717
2.5808
2.8142
2.7345
3.1992
2.3937
3.1240
1.9136
3.2436
2.1955
3.0301
2.4675
2.7586
2.2548
3.0714
2.8014
2.0376
2.7938
2.9271
2.8638
2.9018
3.0662
2.4288
1.8586
2.5162
2.7989
2.3687
2.4602
3.1866
2.7672
2.5143
2.5222
2.1214
3.4329
2.7249
2.9279
1.9841
2.7326
2.8786
2.1146
2.8120
2.8011
2.8077
2.5711
3.6381
2.5589
2.5815
2.6542
2.9186
2.7296
2.7262
2.7235
2.8230
2.5877
2.4932
2.9221
2.5855
2.6294
2.5621
2.0269
2.7528
2.8491
2.7140
2.7185
3.0706
2.8012
3.2487
2.7813
2.5127
2.2331
2.5060
2.9353
2.5963
3.9569
3.7818
3.0908
1.9991
3.5240
2.9559
3.2697
2.8352
3.6012
3.9394
2.3201
2.7542
2.5267
2.6194
3.0824
3.3833
2.6067
2.9302
2.3716
2.8464
3.2221
2.5111
3.1180
2.3936
2.6153
3.2429
2.8365
1.3401
3.0503
2.4575
2.0696
2.6085
3.0655
3.3482
2.9622
2.8009
2.9796
3.0171
3.1788
2.7067
3.6262
2.7413
2.8645
2.1800
2.5467
2.8676
2.4337
2.7766
1.8181
2.2799
2.8253
2.9645
2.3533
2.4314
2.2457
2.8950
2.4401
1.9814
2.8310
2.8112
2.7602
2.8310
2.4822
1.8437
3.2024
2.2900
2.9220
2.5476
2.7966
2.9760
2.9272
2.8677
2.4661
2.1853
2.7665
2.9385
2.9062
3.0802
2.4138
2.9450
2.2522
3.0879
2.1416
2.3538
2.6683
3.5300
3.1537
2.9471
3.0272
2.4785
2.7758
3.1004
2.7812
3.0753
2.6523
2.0947
3.0343
2.7241
2.3040
2.8600
2.6352
2.9019
2.7554
2.1785
3.2508
2.1380
2.4988
3.2274
2.8083
2.3978
3.1007
2.5847
3.2351
1.8993
2.2122
1.9257
3.1619
3.2272
2.7538
2.8080
2.5475
2.6750
2.1970
2.2234
2.5168
2.4619
2.2508
3.0613
3.0464
2.0358
2.5398
2.5580
2.8663
3.4422
2.4683
3.4933
2.4377
2.4885
2.6785
2.9361
3.2098
2.8283
2.6139
2.5342
2.3517
2.9087
1.9606
1.7561
3.0724
2.7290
2.1641
2.7493
2.7934
3.1950
2.7314
3.1355
2.0388
3.2422
2.7735
2.4211
2.8828
3.1893
2.6907
2.8458
2.8063
3.0156
2.4363
3.0770
2.7738
3.7796
2.3755
2.7813
2.8898
2.7652
2.5110
1.9351
3.4785
2.5307
2.8384
2.5917
2.4138
2.6393
2.4170
3.2978
2.9528
2.4062
2.7343
2.6924
2.3150
2.3559
3.3577
2.9970
3.1088
2.3755
3.3894
3.1494
2.2362
3.0792
2.6650
2.1458
2.2984
3.0150
2.7587
2.7116
2.7092
2.5643
3.2103
2.4906
2.7977
3.3573
2.7651
3.0252
2.7941
3.1800
2.7972
2.4223
2.9035
3.0955
2.8777
3.1972
3.4048
2.6165
2.4711
2.9287
2.6036
2.2039
2.4112
3.1461
3.0429
3.1119
2.6953
3.0025
2.9880
2.8530
2.9706
3.1316
3.0720
3.1197
2.4869
2.4842
2.5833
2.6391
2.2969
2.4116
2.6495
1.7575
2.3361
2.6405
2.5512
2.1533
2.1771
3.1540
2.3220
3.0933
2.7159
2.1994
2.7656
2.9241
3.2822
2.9790
2.7555
2.8650
3.0408
2.8062
3.2209
2.9251
2.4099
3.4530
2.0508
3.1329
3.4158
2.9947
2.2070
2.7814
2.0860
2.3352
2.9105
2.1740
3.0729
2.8246
2.9871
2.6477
2.6680
2.5215
2.6328
2.2547
2.9580
2.7324
2.9833
2.8334
3.0116
3.1790
1.9693
2.9008
2.3235
2.9772
2.2203
2.8652
2.5320
3.0182
2.6359
2.4709
3.2629
2.0333
2.3597
2.3318
2.7856
2.6104
2.6077
3.0527
2.0522
3.1174
2.3075
2.9430
2.1984
2.9745
3.6319
2.6104
2.4967
2.6883
3.2212
2.7128
3.4904
2.2901
3.1446
2.7361
2.3151
2.4161
3.0720
2.8204
1.7124
3.1210
2.3073
2.7917
3.0889
2.4828
2.4238
2.8284
2.6121
2.8354
2.5912
2.2248
2.9329
2.3355
2.9273
2.2845
3.3011
3.0737
2.2295
2.8125
2.8760
2.9412
2.3419
3.0799
3.1441
1.9133
2.4998
3.0033
2.1837
3.6216
2.4145
2.4033
3.3395
2.6973
2.3090
3.2255
2.3063
3.3330
3.2785
2.6634
2.1319
2.4584
2.3049
2.7828
3.3572
2.8976
2.8924
2.5469
2.6195
2.1571
3.0303
2.3982
3.1435
3.0900
2.8963
3.1500
1.8595
2.1960
2.7980
3.3835
2.8988
3.1789
2.2460
3.1913
1.7397
2.2163
2.5553
3.3820
2.7440
3.1302
2.7308
3.5762
2.9468
2.8000
2.6569
2.8803
2.4776
2.4060
3.0671
1.5845
3.2648
2.6553
3.1348
3.4952
2.3351
2.9633
2.5138
2.1124
2.6479
2.8766
2.0483
2.8287
2.7527
2.6646
3.0650
2.1526
2.4854
2.8838
3.1776
2.2678
2.6305
2.1507
3.0362
2.4904
2.3506
3.4966
2.9478
2.8381
2.3149
2.4758
2.7644
2.9657
2.2694
2.6353
3.4546
2.3090
2.4250
3.5054
3.1029
2.8852
2.8316
2.2652
2.2360
2.6733
2.4864
2.6496
3.0591
2.4403
2.7936
2.6526
2.2111
2.5827
3.1454
2.4498
3.1919
3.1451
2.4483
2.7726
2.7666
2.2233
3.2804
3.1703
2.3346
2.6279
3.2830
2.4824
3.2560
2.8677
2.7503
2.1103
3.2382
2.9733
2.2752
3.0292
2.3344
2.5989
2.6790
2.5192
2.7285
2.6593
2.8085
2.5673
2.4970
2.6522
2.7544
2.2016
3.1522
2.2770
2.6677
2.0860
2.6299
2.1929
2.7443
2.7440
2.6028
2.9021
2.6995
3.2551
3.7809
3.0055
3.1258
1.8084
2.7791
2.7242
2.0993
1.6424
3.0775
3.0165
2.5468
3.0681
2.5497
2.8250
2.2931
2.7942
2.3866
2.4497
2.6733
3.0778
2.0682
3.3716
2.3442
2.1202
2.1989
2.9502
3.1202
1.6987
2.2086
2.2744
2.4377
2.9884
3.3734
2.8383
2.9002
2.4872
2.5723
2.5960
2.9981
2.6864
2.6979
3.0680
2.8883
2.9815
2.8601
2.2401
2.7738
3.2442
2.7433
2.8890
3.2392
1.8284
2.6162
2.0056
2.6745
3.2175
2.5490
2.9476
2.4046
2.9808
2.7527
2.6092
2.4263
3.1025
3.2522
2.2525
2.4615
2.2482
2.2113
2.2696
2.2904
3.3832
2.4148
2.0199
2.4614
2.6630
2.9414
2.3056
2.2250
2.7090
3.0606
3.1344
2.0137
2.1691
2.5277
2.9789
2.4175
3.2061
1.8193
2.9496
2.4278
2.8765
2.7519
2.8959
3.3486
3.0327
2.8959
3.2374
3.3427
3.1252
2.7676
2.9191
2.9489
2.8300
3.1918
2.5868
2.1985
2.7915
3.0810
2.8685
2.7455
2.6406
3.1408
1.9744
3.0057
3.0769
2.0920
2.3484
3.2565
3.2056
2.1168
2.7898
3.1061
2.4120
2.1083
2.8586
2.9896
2.1515
3.1602
3.3155
1.9768
2.6258
2.7776
3.0183
2.5423
2.9985
3.0502
2.2823
2.8870
2.5989
3.4424
2.6519
3.2470
2.5264
3.1138
2.9363
3.0429
2.0260
2.3504
2.7951
3.1092
3.0904
2.8339
2.7618
3.0586
3.5183
2.8848
2.8220
3.1923
2.6978
2.4545
1.9617
2.7092
2.9811
2.8263
1.9511
2.4537
2.9398
2.0831
3.2791
2.9737
2.6918
1.6475
3.1948
3.3170
2.6011
3.1127
2.4036
2.5958
2.7066
2.3693
2.9026
2.6409
1.9098
2.9210
2.4792
2.6055
2.5112
2.3430
2.4769
2.2379
3.1990
2.4980
2.6075
3.1046
2.6169
2.2489
3.1764
2.8751
2.5526
2.9105
2.4507
2.6410
2.5519
2.4839
2.9752
2.9465
2.7844
2.1869
2.9955
3.1062
2.4772
2.8271
2.8449
2.6043
3.4958
2.7109
2.3366
3.0580
2.8211
3.1602
2.2591
2.4612
3.1876
3.2051
2.5564
2.5006
2.4707
2.9498
2.5654
3.0296
3.0958
2.8039
2.5611
3.1851
2.6733
2.6746
2.5872
2.4951
2.5788
2.5840
2.9479
2.9020
1.9831
2.1511
3.2665
2.3977
3.2829
2.9451
2.7574
2.7007
2.5051
3.4454
2.9792
2.0894
3.0383
2.5006
2.3714
2.5267
2.8893
2.9032
2.9272
2.4901
2.5495
2.6311
3.2609
2.7927
2.5020
2.5970
2.2250
3.1436
3.2908
3.2641
2.8434
2.3616
2.1311
2.6795
2.9896
2.7953
2.2807
2.9810
3.0151
3.2435
2.4428
2.5621
3.1040
2.4488
2.2713
2.8132
2.4332
2.2380
2.1314
2.0673
2.5716
3.0437
3.1410
2.6159
3.0907
2.8165
2.2666
3.3866
3.1672
3.0850
2.7256
2.9825
3.0946
2.1743
2.2550
3.1378
2.3562
2.8274
2.2075
2.6876
2.0845
2.0368
2.9909
2.8377
2.5029
3.0556
2.3257
3.3390
2.8155
2.0360
2.3193
2.7248
2.5217
3.0442
2.0681
2.5307
3.1338
3.1125
2.3046
2.4351
2.6966
2.6238
2.6347
2.0581
2.9346
2.0597
3.2634
2.4602
2.7356
2.3769
2.1924
3.0354
2.4970
3.0105
2.7499
1.9791
2.8732
1.7866
1.6236
3.0861
2.5642
3.1777
2.3572
3.1357
2.0036
2.6418
2.0841
1.5654
3.0115
2.6631
2.6714
2.5356
3.2975
3.3951
2.6251
3.2042
3.8207
2.4615
2.0747
2.8536
3.5148
2.8472
2.1712
3.2178
2.3043
2.6055
2.6161
2.2742
2.8520
2.3632
2.5928
3.2169
3.3535
2.5271
2.8198
2.6372
3.2343
2.9926
2.4434
2.5894
2.7003
2.1401
1.8616
2.7437
2.3089
2.5261
2.3920
3.0367
2.5168
2.0898
2.6665
2.6019
2.4671
2.4741
2.6809
2.9750
2.8052
2.9045
2.7399
2.4651
2.6446
3.3845
2.7171
2.8270
2.5651
3.1481
2.4895
3.2655
2.4980
3.2297
3.1682
3.1898
2.1506
2.6587
2.9475
2.7599
2.5564
3.1244
3.5127
2.8243
3.2760
2.9713
1.3316
2.3846
2.5857
2.3930
3.2871
1.7302
2.6083
2.4703
2.1312
2.7083
2.5191
3.1278
3.5895
2.1928
1.6042
2.2783
3.0487
3.3071
2.9678
2.6526
2.2465
2.2104
2.7242
2.2992
2.1243
2.8227
3.1674
2.8406
2.5102
2.8161
2.8571
2.9155
3.0686
3.2646
2.6475
2.9751
2.3577
2.6369
2.5905
2.0152
2.7779
3.1466
2.8502
2.9785
2.6262
3.1806
2.6325
2.0367
3.1988
2.3517
3.3061
2.1566
2.5725
2.4563
2.7035
2.9338
2.8758
3.0391
2.7789
3.0816
2.9258
2.3775
2.9929
3.2124
2.8637
2.4611
2.4935
2.6810
2.0284
2.4340
2.1474
2.9388
3.2002
2.7666
3.1362
2.6987
3.0166
3.0877
2.6910
2.6180
2.3938
2.8339
2.0195
2.6675
2.6463
2.8375
3.4940
3.0096
3.0731
2.5478
2.5786
2.7974
2.9582
2.9159
2.8128
2.9715
3.9107
2.6367
3.4124
2.6079
3.1684
2.9714
3.1811
2.7071
2.7824
2.6070
3.5573
2.7406
2.2807
3.1543
2.3949
2.6538
3.4712
2.3289
2.7199
2.3536
2.7988
2.8702
2.6009
2.2601
2.5089
2.3769
3.1792
2.6728
2.1872
2.9746
2.7407
2.4678
2.0358
2.6463
2.8361
3.0811
3.0975
3.0002
2.4259
2.1048
2.1303
2.2609
2.6835
2.9116
2.3256
2.2407
2.4464
2.1696
2.2004
2.9554
3.2316
1.6870
2.6592
2.5480
2.7923
2.7557
2.8107
2.8284
3.2839
2.5842
2.8928
3.2409
2.8486
2.6391
3.5193
3.0746
1.7114
2.8425
2.0779
2.9820
2.5935
3.2254
2.1510
2.6505
2.7094
2.5697
2.8384
2.8227
2.9351
2.7210
3.0546
2.4477
2.5968
2.3200
2.2178
3.2259
2.5334
2.2414
2.9875
2.5714
2.8538
2.5056
2.2874
2.4158
2.3579
2.6768
3.1877
2.8680
2.6267
2.9551
3.4956
2.8421
2.4513
2.4394
3.4893
3.2933
3.1754
2.6198
1.7964
3.0765
2.6545
2.2351
2.4101
2.4526
2.3219
2.4506
2.9705
2.4577
2.5169
2.4588
2.8303
3.0734
3.1305
2.9653
2.8165
2.7200
1.9569
2.5559
2.3797
2.4893
2.7983
2.3157
2.9742
2.6461
2.1944
1.3460
2.6408
2.7597
2.1751
2.5770
2.7079
1.9068
2.6647
3.1696
3.1756
2.5645
2.1510
2.0860
2.9031
2.7604
2.6107
2.4554
3.3122
3.0690
2.6403
3.3952
3.0675
2.0699
2.4905
2.7253
2.5744
2.3176
2.9347
3.1311
3.0200
3.1464
2.3616
2.9344
3.0111
2.4345
2.4264
2.9295
2.9474
3.1962
2.9015
2.3247
2.4216
2.4363
2.4567
2.9373
2.1459
2.3433
2.6267
2.4445
2.8991
3.0318
2.2080
2.2718
3.1968
2.5741
2.4509
2.8719
2.1554
2.7192
1.8064
2.3864
2.6330
3.2101
3.3297
2.8447
2.3179
2.7954
2.2644
3.3187
2.8912
2.5450
2.6723
2.5764
2.2570
2.7311
2.7063
3.0620
2.7333
2.6951
1.9697
3.6502
3.0126
2.3796
2.0455
3.0256
3.2486
3.1003
2.0354
3.1803
2.9551
2.8078
2.0741
2.6434
2.7382
3.0436
2.9788
2.7885
2.3519
2.2982
2.5442
2.8005
2.1725
3.3102
2.7122
2.0207
2.6777
2.6514
3.1430
2.3207
2.6915
2.9569
2.5567
2.8777
2.8186
2.6601
2.1987
3.1759
2.3841
3.2561
2.0904
2.5371
2.9606
3.1065
2.3312
3.2483
2.7406
2.9089
2.2305
1.8933
2.1917
2.8868
2.9274
2.4719
2.2574
2.4650
2.4466
2.5467
2.4269
2.6992
3.3026
2.8413
2.6008
2.9359
2.4606
2.4606
2.1822
2.7862
2.7362
2.7049
2.8138
2.7859
1.9176
2.9184
3.2279
2.3369
2.6453
2.7404
2.7094
2.8211
2.8658
2.5426
2.2411
2.4527
2.5788
2.9534
2.4143
2.9481
2.9041
3.0587
2.2820
2.2900
2.8635
2.9242
3.7611
2.8572
1.8634
3.1454
2.6588
2.2720
2.6474
3.0055
3.0256
2.3610
2.2375
2.6940
2.8318
2.3336
2.7555
2.6858
3.0273
2.3206
2.2201
3.2467
2.3086
2.3921
2.7754
2.7160
3.4800
2.8363
3.0750
2.5103
3.2614
2.2505
3.2169
2.9331
3.0283
2.3655
2.3824
2.4301
2.7637
1.8321
3.0994
3.0164
2.5267
2.5309
2.4633
2.9498
2.6390
2.4754
2.8679
2.7466
2.9461
2.1344
3.5103
2.9147
2.7151
2.6283
2.5703
2.4781
2.5189
3.1005
2.0566
1.7340
2.5276
2.9954
2.7138
2.7048
2.4365
2.8309
2.0201
3.5995
3.0436
2.7960
2.5718
3.1489
3.0525
2.1228
2.5460
2.7079
2.5043
2.4024
2.8926
2.8246
2.3704
2.6596
2.4622
2.6146
2.8245
2.8696
2.3559
2.8986
2.7941
2.9346
2.4079
2.7465
2.8032
2.3527
2.6160
2.6347
2.3664
2.6763
2.3999
2.4542
2.5347
2.8368
2.4318
2.4183
2.3831
2.6156
3.0622
2.3659
2.9238
1.9974
2.3544
2.7761
2.6273
2.4717
2.5100
3.4089
3.0898
2.5136
3.2002
2.9244
2.3246
2.3117
2.3230
3.1960
3.2844
3.2563
1.6760
3.0073
2.7379
3.5558
2.8076
2.8823
2.1680
3.2805
2.2279
2.5136
2.5344
2.3192
2.7771
2.1383
2.6737
2.4654
2.1294
2.9495
3.8243
2.9608
2.6257
3.1923
2.9191
2.3511
2.9505
3.0204
2.2310
1.8277
2.1129
3.0211
2.5192
3.3518
2.8043
2.4211
2.9444
3.2457
1.9764
2.4284
2.1463
2.7446
2.9204
2.1476
3.0631
2.4094
3.5174
3.5197
2.9886
3.2026
2.3275
2.1407
2.9993
2.7760
2.6381
2.6719
2.8864
2.9882
2.3159
2.2720
3.1034
2.5182
2.0633
3.1564
2.6909
3.0358
3.0977
2.6102
2.0380
3.4204
2.7869
2.5609
1.9083
2.9757
2.8106
2.5936
3.0362
2.2271
2.6545
2.6411
2.1076
2.7804
3.1660
2.9424
3.9697
2.5548
2.4696
2.6909
3.3029
2.4489
2.7977
2.4380
3.1205
3.0870
2.8547
2.9415
2.8576
2.9756
1.9659
2.5778
2.8706
2.7357
2.8760
2.9892
2.4457
2.7988
3.0336
2.4622
3.0388
2.8980
2.6885
1.9918
2.2816
2.1000
2.7909
2.5387
2.3007
2.3126
2.4288
2.2992
2.9376
3.1243
2.7175
2.5105
2.6966
2.5707
2.2338
3.0355
2.5435
3.3743
2.0840
2.7396
2.3759
2.4881
2.3618
2.3548
3.1254
2.2980
2.7138
2.3219
2.3263
2.4677
2.9089
2.4398
2.2499
3.1634
2.7323
2.7454
2.9258
2.0476
2.6649
2.4347
2.7524
2.7315
2.8295
1.9963
3.1321
2.5851
3.4031
3.5992
2.6310
2.3406
2.5521
2.4068
3.2105
2.5106
2.6170
2.0325
2.8780
3.0434
2.8841
2.4737
2.2643
2.2419
2.3594
3.2821
2.9619
2.7187
2.5199
1.9700
2.2970
1.8711
2.5612
3.3434
2.8503
2.1248
2.4604
2.4082
2.0530
2.6842
2.9894
2.7711
3.5333
2.8297
2.3420
3.2370
2.9101
2.4518
2.7849
2.6790
3.1094
2.2467
2.6789
3.0916
2.0169
3.0662
2.3601
3.2233
2.4342
3.4209
3.4274
2.2618
2.7713
2.6826
2.5799
2.5137
2.8116
2.9032
2.5300
2.5956
2.7880
2.6388
2.5527
2.9058
1.9747
2.3604
2.4899
2.7111
2.8216
2.9809
2.7375
2.9358
2.2974
2.4808
2.3870
2.6488
2.5688
3.4407
1.7962
2.5489
2.7861
2.7356
2.9682
3.0605
2.5917
3.2168
3.1421
2.7844
2.8611
2.9248
2.5450
2.8815
2.4309
2.4873
2.8854
2.3098
2.3858
2.9439
2.7690
2.8394
2.4607
2.3460
2.3356
2.6495
2.0481
2.3921
2.6959
2.8530
2.9934
2.8636
3.2670
2.9972
2.1915
3.3455
2.8191
2.7712
2.2517
3.1113
1.8406
2.7341
3.1024
2.2457
2.7958
3.0045
2.4683
3.2591
2.8906
2.9059
3.0851
3.1765
2.1064
2.1937
2.5079
3.0977
3.0176
3.1954
3.1276
2.5214
2.2133
3.2206
2.1385
2.8633
2.3984
2.5464
2.6610
2.5254
2.5606
2.6889
2.7934
2.3225
1.8261
3.1486
2.5314
2.8338
3.0929
2.3830
2.8832
2.4785
2.8416
2.5639
1.8655
2.5997
3.1722
1.9682
2.3151
2.5968
2.6461
2.3571
2.2275
2.9899
2.5054
2.7340
3.5727
2.2735
2.4479
2.3906
2.4511
2.7697
2.7632
2.1209
3.0054
2.8021
2.6205
2.8794
2.4670
1.9512
2.5255
2.5477
3.2350
2.3927
2.6452
2.6645
2.9296
2.4067
3.3015
2.5508
2.8149
2.5695
3.4703
2.2828
2.9441
2.8961
2.6782
3.0281
3.0510
3.3959
2.4264
3.4543
2.8607
3.1512
2.9555
2.6091
1.9170
2.8350
2.2578
1.9886
2.4149
2.9921
3.5301
2.1751
2.6645
3.3481
3.1489
3.6332
2.3085
3.3131
2.9435
2.5732
2.5078
3.2967
2.1808
2.9831
2.1669
2.1143
2.5111
2.2741
3.1863
2.9020
3.0239
2.7089
3.6502
2.2944
2.8242
2.4176
2.2550
3.2478
2.7530
2.2113
2.5861
3.0634
2.9808
1.8577
2.2001
2.0993
2.4673
2.6828
2.4014
2.5568
2.8032
2.6236
3.0364
2.0266
2.5639
2.5873
2.1064
2.9722
2.3895
2.9576
3.0548
3.1847
3.1343
2.2811
2.9504
2.4364
3.3476
2.0311
2.5486
3.3081
2.8943
2.8864
2.9970
2.6652
2.6828
3.3586
3.2874
3.1047
3.6158
2.4943
2.3578
3.1974
2.4001
2.6903
2.5614
2.4029
3.1203
2.3087
3.5405
2.1833
2.5686
2.5348
2.9833
3.3757
2.7351
2.3890
2.5683
3.0554
2.9034
2.5887
3.0646
3.0505
2.2994
2.6717
2.6071
2.6821
2.5926
2.3062
2.6722
2.4054
2.7186
2.4628
2.7284
2.5670
2.6996
2.2690
2.7613
2.9297
2.3445
2.8151
2.5718
2.7863
2.7728
2.6509
2.4293
2.7448
2.0402
2.5014
2.5898
2.5660
3.0385
2.3640
2.9331
2.6701
3.2001
2.4199
2.4789
2.6265
1.7586
2.2114
2.9146
2.5213
2.5174
2.5903
2.5863
2.8323
2.9517
2.9924
2.9765
3.7090
2.5750
1.4414
2.5722
3.4196
3.1521
3.3050
2.9540
2.3926
2.9868
2.8516
3.3948
2.1617
2.6458
1.9795
3.1272
3.5058
2.6560
2.7856
3.5247
3.0750
3.1175
4.0304
3.0809
2.6714
2.7416
2.2349
3.0855
2.2728
2.2682
2.6106
2.8663
2.9262
2.6330
2.6760
2.5008
3.2564
2.9528
2.2526
2.7639
3.1160
2.8087
2.5783
2.5169
2.5643
2.4024
2.8572
2.5644
2.7869
2.4443
2.3813
2.5622
2.3228
2.9382
3.0267
2.7864
2.8028
2.7427
3.0555
2.5690
2.2978
2.0132
2.5348
2.3048
3.4055
2.1917
3.1210
2.8066
2.7703
2.7837
2.1787
3.0806
2.0232
3.1544
2.7683
2.5128
2.1468
3.0961
2.1589
2.7557
2.5086
2.6407
2.6429
2.6191
2.3058
3.3441
3.0096
2.7524
2.5202
3.1342
1.9730
3.3901
2.6037
3.2376
2.5451
3.0351
2.8723
2.4481
2.8098
2.7526
2.9162
2.0361
2.4802
2.8399
2.3411
2.7214
2.9828
2.5785
2.7744
2.9813
2.4872
2.9362
2.9170
2.6490
2.9969
2.8098
2.3771
2.7861
2.5501
2.5094
2.3642
3.3740
2.4055
2.8645
2.5833
2.6928
3.0923
2.6451
2.4205
3.7322
2.8810
3.0305
3.1199
3.5696
2.6326
3.1332
2.5843
3.0076
2.6992
2.7767
2.6066
2.9564
2.0028
2.6921
3.0159
2.9135
3.1703
2.5076
2.9810
2.9121
2.4528
2.6668
2.7293
2.8991
2.4084
2.9929
3.0503
2.5223
2.3478
2.8091
2.1602
2.6422
2.3977
3.2945
2.8506
2.6801
2.3385
2.9952
2.1452
3.2990
3.1314
2.3272
2.5451
2.9676
2.1226
2.4005
3.3882
3.0053
2.7534
2.7598
2.4702
2.9059
2.5204
2.6452
2.4608
3.1853
2.5584
3.5756
2.4661
2.2246
3.2368
2.6592
2.1589
2.7782
2.5453
3.1624
2.5647
2.5235
3.1261
2.9512
2.3001
2.2807
2.1755
2.4979
2.8322
3.3303
2.8545
2.6394
3.1564
2.5965
2.8520
2.6180
2.2726
2.3410
2.4366
2.4118
2.8270
2.3741
3.2805
2.9916
3.4723
3.1438
3.0342
1.9998
3.2066
2.5158
3.0687
2.3245
1.9837
2.7319
3.4119
2.8642
2.6155
3.2626
2.6240
2.0822
2.7303
2.7648
2.9720
2.5754
3.3358
2.9404
2.9935
2.8469
2.1566
2.8473
2.1726
2.8251
2.7090
3.3537
3.5490
2.1278
3.1477
2.9342
2.8641
2.3678
3.0166
3.2932
3.1214
2.9174
2.6101
3.0390
3.0751
2.3530
2.6215
2.7630
3.0001
2.9875
2.6942
2.7894
2.6630
1.9798
1.8749
2.0740
3.4902
2.7474
2.4592
2.6299
2.4890
3.0795
3.1393
2.6238
2.6076
3.0214
2.6074
2.5726
2.7017
2.8420
2.8205
2.7543
2.4318
3.0280
2.9140
2.8755
3.5803
2.4548
2.5484
2.4855
2.6588
3.2385
2.8713
2.5242
2.9658
3.0108
2.6268
2.1030
2.8978
2.0907
2.5311
3.3335
1.6847
2.9492
3.2052
2.6696
2.6829
3.0449
2.5248
1.7889
3.0338
2.7450
3.2286
3.3327
3.6798
2.6660
2.0834
2.5083
2.9985
2.9391
2.9016
2.7770
2.7151
2.8772
3.4080
2.4802
3.1744
2.4861
3.0590
2.8302
2.2719
2.8611
3.2308
2.6339
2.6077
2.2496
2.3605
3.2305
2.6864
2.0779
3.1157
2.6223
2.0797
2.7129
2.8042
3.3132
2.3735
3.2945
2.6047
2.7363
2.6634
2.1484
2.4941
2.5742
2.4625
3.0671
2.6996
1.9026
2.5624
2.7453
2.6402
2.3924
2.7767
2.1516
3.0279
2.3590
2.9564
2.7397
2.3874
2.2699
2.8640
2.4152
2.5094
3.4279
2.4335
2.5934
2.4001
2.7025
2.4433
2.4635
2.3518
2.1057
2.1050
2.5456
3.1472
2.4385
2.5683
3.1629
2.4393
3.3277
2.0825
3.1336
2.8106
2.3711
2.2879
2.6477
2.5806
2.6698
2.7920
2.7842
2.4899
2.8558
2.6200
2.9325
3.5774
2.4892
3.0655
3.1608
2.1543
2.8402
2.8338
3.3017
2.6425
3.2245
2.7361
2.2743
2.2770
3.1192
2.3542
2.2344
3.1867
2.7574
2.8418
2.7564
2.5330
2.7201
2.0828
2.9382
3.2090
2.6131
1.9311
2.1890
2.7417
2.2967
2.3318
2.8477
3.2625
2.6581
2.6530
2.8802
2.3337
3.3414
2.5006
2.9056
2.9386
2.1861
2.4764
2.8478
2.6834
2.0754
2.1675
2.8685
2.4727
2.3010
2.8650
2.9668
3.0015
2.6299
2.8989
2.2822
2.5043
3.3677
2.5797
2.1314
2.6013
2.6596
2.0021
2.7408
1.6638
2.4728
2.5851
2.6107
2.7311
3.1062
1.6185
2.1593
1.6861
2.7679
2.9696
3.0693
2.1424
2.3121
2.4378
2.8569
2.2103
2.4158
2.5875
2.5446
2.9543
2.8365
2.3227
2.0883
2.4648
2.4165
2.1643
2.6379
2.8340
2.7131
2.2966
3.3921
2.4813
2.5612
3.1577
2.4377
2.3560
2.5226
2.4128
2.7559
2.6044
2.0436
3.1260
3.1612
2.2188
2.8572
2.0348
1.9383
2.9521
2.8903
2.9295
3.2381
2.6742
2.4138
2.8143
2.2617
2.5977
2.1555
2.3865
2.4079
2.4653
2.8086
1.9221
3.6469
2.2098
2.8607
2.5025
2.3470
2.4760
2.1853
3.1537
2.4010
2.9396
2.9023
2.4138
2.3851
2.9892
3.4881
2.2465
2.7639
2.4288
3.2720
2.5085
2.9789
3.1060
2.4364
2.8393
2.4981
2.6806
2.5969
2.4985
2.8077
2.9667
2.8102
2.3311
3.1516
2.3699
2.5868
2.2163
3.3378
3.2421
2.9283
2.7772
3.1883
2.0821
2.1794
2.7462
2.7830
2.5696
2.4154
2.9177
2.8561
2.1806
2.8028
2.7149
2.9717
2.9058
3.2557
2.5935
2.7439
2.2545
2.7594
2.6765
2.7390
2.3477
2.7562
2.8629
2.0475
2.4390
2.4762
3.4664
3.4198
3.0964
2.8783
2.6156
2.6949
2.9305
2.8898
2.3568
1.9099
1.8812
2.2907
2.5155
3.2601
2.6302
2.7099
2.6995
2.9521
2.9997
2.9509
2.2639
2.8003
2.2149
3.4410
2.4488
2.9077
1.7525
2.9871
2.4521
2.3768
2.4213
2.8037
3.0347
2.9121
3.1296
2.1090
2.3706
2.6204
2.2220
2.9917
2.7847
3.1468
3.0923
2.4142
3.5293
3.4874
2.6127
1.9779
2.7630
2.1608
3.6546
2.9063
2.7455
2.7071
2.5471
2.7669
2.5200
2.1734
2.8577
3.3924
3.0053
3.0520
3.0775
3.2597
2.7682
2.1787
2.6826
2.4691
2.6415
3.4143
3.2642
3.0538
2.1025
2.4345
3.0832
2.7690
2.6302
2.7124
2.8090
2.7725
2.4792
2.5809
2.5281
2.8309
2.6222
2.8218
3.1304
2.4710
2.6143
2.3004
2.9117
2.6410
2.5521
2.4037
2.0907
2.4926
2.5597
3.1822
2.7528
2.4545
1.9802
3.3470
3.0517
2.9698
2.5121
2.8241
2.4785
3.0613
2.7050
2.7243
2.7571
2.8483
2.7921
2.4170
2.5840
2.2722
2.5024
2.5890
2.1655
3.0200
3.7116
2.5343
3.0972
2.7394
2.6877
2.5874
2.4122
2.5424
3.2922
2.5046
2.4599
3.0061
1.9649
3.0954
2.4624
2.9664
2.6420
2.5082
2.8937
2.8238
2.4542
2.3061
2.0188
2.5587
1.8751
2.2655
2.9344
3.0036
3.0032
3.1395
2.7357
2.5491
2.3710
2.3312
2.1416
2.9917
2.3692
3.0952
2.5331
2.9317
2.4906
2.7680
2.3846
1.7309
2.5633
2.8654
1.6573
2.8723
2.7585
2.9390
2.0420
3.1591
2.5459
2.6270
2.7252
2.0162
2.8566
2.2263
2.9023
2.6303
3.0359
2.2628
2.9585
2.2844
2.1919
2.5932
1.8962
3.1740
2.4592
3.1027
2.3168
3.3123
2.2175
2.2013
2.6487
2.7507
2.7080
3.0689
2.5087
2.8113
2.6613
3.1898
2.8617
3.2050
2.9466
3.5144
2.7870
2.7054
2.3534
2.6935
2.9298
2.7934
2.3691
2.4491
2.3978
2.9813
2.0330
3.1412
3.2218
2.4287
3.1980
2.7738
3.0893
2.9795
2.3057
2.9740
2.7812
2.1586
3.1883
2.8330
3.2049
2.7034
1.7865
2.7683
2.7420
2.8141
2.8111
2.8660
3.0746
3.0045
2.9436
1.8038
3.1846
2.5533
2.7151
2.5955
3.4892
2.9987
2.6026
3.0932
2.1251
2.5073
2.7224
3.2074
2.4019
2.2148
2.3443
3.1275
2.9133
3.4816
2.9575
1.8731
2.4861
3.3852
2.6419
2.8248
2.7395
3.1700
1.8329
2.5190
2.6228
2.7912
1.6513
2.3712
3.4093
2.9574
2.8437
3.0338
2.7149
2.8784
2.5116
2.7149
2.2636
3.1053
2.3779
2.2534
2.7593
2.1628
2.4984
3.1963
2.0184
2.7320
2.3609
2.8452
2.8690
2.7269
2.5643
2.6980
2.1549
2.8155
2.6924
2.9516
1.6803
2.5493
2.9416
2.0139
1.8385
2.8491
2.4075
2.5611
2.5494
2.8312
3.3449
2.2114
2.5688
2.9351
2.8328
1.9692
2.0542
2.5012
3.4008
2.4561
3.3644
3.5869
2.4986
3.7476
2.8729
3.8359
2.5150
2.7282
2.4773
2.5336
2.5588
1.8410
2.0674
2.7573
2.5270
2.7370
2.6231
2.7902
2.8936
3.0926
3.2234
2.3626
2.3272
2.4206
2.6389
2.1558
2.4144
2.6462
2.7774
3.1864
2.2165
3.0725
2.8087
2.5769
2.9796
2.8752
3.1483
2.3141
2.9467
2.7157
2.4380
2.0506
2.8801
2.7737
2.8924
2.5450
2.4385
2.9320
2.5659
1.9996
2.6027
2.2887
3.4302
2.5029
2.7708
3.1951
3.1493
2.1292
2.7789
3.2380
2.6119
2.6852
2.9663
3.2828
2.9384
2.7617
2.2389
2.9414
2.5685
2.6831
2.6760
3.4045
2.9743
2.6223
2.7062
3.2315
1.8658
2.0490
2.5361
2.9568
2.7605
2.8184
2.4835
2.5843
2.7259
2.4866
3.0427
3.0850
1.5285
2.2629
2.7358
3.0630
2.5564
2.8984
2.3970
3.1482
2.3552
2.6082
2.2523
2.9315
2.7649
2.5415
2.9586
2.3551
2.4775
2.5781
3.3125
2.7283
2.6753
2.2794
2.6679
2.5147
2.8059
3.1771
2.7420
2.5693
2.2439
2.6875
2.4614
2.7056
3.0423
3.0872
2.5819
2.5735
3.3368
3.0716
2.4911
2.9667
2.7591
2.6179
2.5884
2.4253
3.1202
2.9680
3.2059
2.5852
2.5704
3.1739
2.6865
2.3830
1.9898
2.5626
2.0937
3.0349
2.4520
2.4304
3.1666
2.9841
3.1369
2.1793
2.5276
2.4033
2.7958
2.4241
3.0049
2.8489
2.4569
2.5240
2.1283
2.1059
2.5889
3.1863
2.6268
2.0792
2.2395
2.5829
2.3827
2.7688
3.1809
2.7213
3.2887
2.4322
3.0899
2.5099
3.5564
3.8297
3.2171
2.5940
2.5402
2.2280
3.0421
2.3466
2.5189
2.3001
2.8639
2.3000
2.3451
2.3525
2.2401
2.8844
2.1672
2.7505
2.6518
3.0555
3.2127
2.4456
3.0086
2.8579
2.8333
2.8207
1.9664
3.2270
2.3628
2.9382
2.5191
3.0942
2.6097
2.4564
2.8335
2.3487
2.6969
3.0380
3.0158
3.3907
2.8356
3.1330
2.7052
2.5372
2.7069
2.2403
2.8978
2.7134
2.3655
2.5713
3.2854
2.4628
3.4477
2.1521
3.0661
3.1111
3.0416
3.3599
2.4423
2.8473
2.2811
3.3823
1.9327
2.8510
3.7088
3.1201
3.0912
3.0003
2.7072
2.4338
3.2623
3.0257
2.3137
3.0592
2.7803
3.0446
2.8137
2.3141
2.1337
2.4556
2.5764
2.4417
3.0660
2.9613
3.2414
2.8774
3.0336
2.5788
3.1905
2.7056
2.7215
2.7103
2.8224
2.9856
3.2115
2.5537
2.6816
2.0991
3.5940
2.5596
2.3780
3.0062
3.1527
3.0441
2.1755
3.3056
2.8535
3.1234
2.7372
2.3910
2.9932
2.5714
2.5372
2.4372
2.9180
2.8271
2.7093
2.6224
2.6073
3.4238
2.8807
2.5612
2.7549
3.1742
2.3392
2.8276
2.8747
2.3114
2.4632
2.5476
2.9125
2.7090
2.0238
3.0234
2.8462
2.2314
2.5836
2.7240
2.8179
1.8332
2.9981
2.4445
1.8887
2.7397
2.1483
2.1340
3.2412
2.4825
1.8504
2.6471
2.1911
2.1940
2.7079
2.0428
2.3204
2.4008
2.6927
3.0471
1.9314
2.5260
2.4902
2.7155
2.6518
2.6916
2.7966
2.2213
3.0196
2.5829
2.8313
3.1174
2.2796
2.1926
2.2770
2.6069
3.2682
2.5904
2.6745
2.7852
3.1154
2.9865
2.7198
2.2373
3.3201
2.4408
3.3717
2.3744
2.4154
2.6445
3.1988
2.4352
3.2404
2.8485
3.7323
2.6593
2.7255
2.4411
2.9012
2.8803
3.1542
2.6534
2.1383
2.8279
2.8050
2.3724
2.7942
2.4072
2.1597
2.2744
2.3589
2.2934
2.8220
2.7489
2.9627
2.3903
2.9441
3.0395
2.9253
2.6918
3.0547
2.8658
2.7552
2.5865
3.1756
2.5424
2.4055
2.8816
2.7306
2.5618
3.1555
3.4936
3.2294
2.6478
3.2794
2.7850
3.1045
2.6903
3.1377
2.9911
2.5989
2.7809
2.6947
2.6557
2.7763
3.0348
3.4015
3.3164
2.4596
2.5536
2.9509
3.2126
2.4781
2.3629
3.3884
2.2578
2.8091
2.6793
2.4954
2.7581
1.9555
2.4285
3.4758
2.9731
3.1945
2.7274
2.7767
2.6057
2.5319
3.0145
2.6747
2.3509
3.4134
2.8288
3.0686
3.7856
2.6010
2.2405
2.4196
2.7485
2.3560
2.8191
2.6295
2.6565
2.2369
2.5128
3.3468
3.1090
2.7384
2.1020
3.2459
3.0558
2.5759
2.8812
2.4850
2.8856
3.0162
2.6034
3.3994
2.2476
2.3469
3.1151
1.7308
2.6274
2.7276
2.5217
2.6361
3.2736
2.9382
2.5185
2.0581
2.7214
2.9240
2.4283
3.2520
2.5044
1.9684
2.2173
3.6965
3.1015
2.9284
2.1265
3.0398
2.2967
2.6722
2.3387
2.5004
2.2007
2.2234
2.7265
2.8857
2.4685
2.5355
2.5471
2.7528
2.5079
1.7768
3.2290
2.8179
2.7949
2.5172
2.5488
2.0131
2.8996
2.1881
1.9418
2.8667
3.0662
2.5562
3.0511
2.3627
3.0994
3.3347
2.8929
2.6577
2.8386
3.0779
2.3854
2.4820
1.9649
3.3412
2.9060
2.9201
2.7237
3.2186
1.8153
1.8734
2.1655
2.2520
2.5645
2.4223
2.8318
2.5384
2.7728
2.6391
3.0794
3.7180
2.5720
2.8287
2.7705
2.7449
2.5512
2.4123
3.0064
3.4029
2.8163
2.7260
3.0451
3.1628
3.3190
2.9185
2.2328
2.8262
2.5993
2.6996
2.8410
2.9936
3.0329
2.2299
3.4059
3.0645
2.8787
2.6511
2.4607
3.7000
3.1870
1.9335
3.3726
2.4736
2.4464
2.3016
2.6712
3.3042
2.5509
2.6542
2.1368
2.9598
2.9558
2.3941
3.1231
2.1597
2.2812
2.0178
2.7152
2.4142
3.2697
2.6246
3.1526
2.3353
3.1472
2.7722
2.6603
2.2956
3.0159
2.5845
2.0599
2.7997
2.6538
2.7320
2.6485
2.4520
3.1532
2.1377
2.3497
2.4902
2.0208
2.8276
2.3413
2.6230
2.9541
2.3349
2.6898
3.6369
2.9042
2.4710
3.3483
2.3869
3.0142
2.4970
2.2736
1.9036
3.6071
2.3767
1.9864
2.3240
2.9270
2.7779
2.6049
2.2105
3.2261
2.9953
2.1504
2.5990
2.5577
2.7834
2.8601
2.3506
3.6249
1.9936
3.0394
2.8862
2.6328
3.3302
3.2987
2.7085
2.5024
2.1817
2.5508
2.7585
2.2103
2.8384
2.4807
3.3087
2.2333
2.5632
2.8714
2.7630
3.4130
2.7806
3.4353
2.8567
3.4547
2.0570
2.6952
2.8291
2.4414
3.0842
2.2596
2.6221
2.4768
2.6444
2.6393
2.5286
1.7933
2.4464
3.1878
2.8831
2.9356
2.0528
2.1759
3.8030
3.0655
2.9271
2.5917
2.6976
2.7472
2.6324
2.4924
2.8237
3.0540
2.7717
2.0276
2.3921
2.8132
2.4499
3.1178
2.4122
3.0648
2.4869
2.2532
2.5460
2.3142
2.5714
2.2631
1.8978
2.0745
2.6140
2.9031
3.2666
1.8740
2.5611
2.0585
3.1434
2.5712
3.2923
3.1282
2.8310
2.3186
2.8685
2.9512
2.7246
2.9965
2.0525
2.9615
1.9379
2.7528
2.6807
2.4800
3.1158
2.6255
2.7820
3.0298
2.4122
3.4990
2.2477
3.1804
2.7635
2.7718
2.1756
2.6061
2.3171
3.2800
2.5286
2.9975
2.0870
2.5688
2.1451
2.5641
2.7020
2.2558
2.3502
1.8615
2.4584
2.3088
2.6152
2.8781
2.5950
3.1346
3.0281
2.8421
2.8340
2.9056
2.6512
2.5199
2.4807
2.3186
3.2120
2.4549
2.9260
2.2840
1.9808
2.5994
2.6371
2.1634
2.4141
3.0675
3.1315
2.3099
3.5103
2.3362
3.3350
2.4416
3.5089
2.6882
3.1224
2.1817
3.2696
2.5617
2.8068
2.7552
1.8127
2.4668
2.4639
2.1962
2.7860
2.7530
2.9265
3.3342
2.7427
2.3604
2.4014
2.4813
2.4051
2.5810
2.7419
2.9686
3.1988
2.8944
3.0665
2.6836
2.9301
2.5024
2.3307
2.8138
2.2327
2.9819
2.5104
2.5195
3.0494
2.3320
2.8927
2.4195
2.6653
2.4812
2.1936
2.8240
2.9774
3.1373
2.7030
2.9761
2.1480
2.8993
2.2492
2.5893
2.8757
2.8805
2.9597
2.7776
2.4362
2.6190
2.5458
2.8858
2.5427
2.1040
3.1670
2.7851
2.6285
2.0152
2.5285
2.4270
2.8947
3.1406
3.1950
3.2517
3.2039
2.8510
2.6142
2.3146
2.6238
3.3047
2.5261
2.9022
2.8294
1.8471
3.5022
3.0412
2.1597
2.2001
2.5945
2.1377
3.1973
1.5825
2.4128
3.4263
2.2621
2.1711
2.9122
3.1621
2.8530
3.1583
2.5959
2.8516
2.6601
2.6107
2.9271
3.0184
2.7548
2.5070
2.2697
2.8262
2.7287
2.8136
2.4192
2.6665
1.6051
2.8466
2.7313
2.9937
2.4733
3.2963
3.2553
3.3465
2.6432
2.3560
2.7539
3.1950
2.1021
2.4975
3.0212
2.6056
2.6527
2.7014
2.5372
2.4691
3.0521
2.4452
2.4896
3.0319
2.9726
2.1034
2.2490
2.1877
3.0421
2.8537
3.0461
2.2169
2.6020
2.3801
2.0961
2.6529
2.6581
2.0523
2.9775
2.6293
2.3716
2.5433
2.4702
3.1931
2.8232
2.9735
3.2828
2.3007
2.8735
2.4188
2.9064
3.0488
2.2637
2.8339
2.9108
2.5274
2.7457
2.5496
2.8319
2.4369
2.5235
2.6390
3.3316
2.9614
2.9839
2.6464
2.9746
2.6124
2.6679
3.3573
2.3580
2.4190
2.5712
3.1396
3.1710
3.0739
2.6345
3.1560
2.7111
2.2206
3.7000
2.6689
2.3228
2.3928
2.7004
2.4375
3.5747
3.2949
3.4869
3.2481
2.1322
2.9615
3.3347
2.6946
2.7145
2.6185
2.1260
2.0078
3.4332
2.4698
2.4289
1.3536
2.0778
4.0119
2.5008
2.8721
2.6421
2.2942
2.3827
2.6367
3.3124
2.8821
2.0671
2.1620
2.7937
3.0697
2.9067
2.9290
2.1521
2.7568
2.5163
3.0566
2.6153
3.0277
2.4761
2.7812
2.5250
2.8667
2.2595
3.0127
2.5870
2.6575
3.0522
2.0885
2.4511
2.5063
2.9340
2.3370
2.0956
1.4232
2.6585
3.4305
1.8919
3.2270
1.7198
2.4163
2.9404
1.8789
3.0380
2.6357
2.2312
3.1855
3.0595
2.5632
2.4779
2.5988
2.8413
2.2124
2.9236
2.8770
2.8397
2.7015
2.8186
2.6823
2.5774
3.2199
3.2351
2.1475
2.9726
2.6511
2.6752
2.2607
2.3706
3.0646
2.4289
3.2339
2.2530
2.2999
2.9528
2.6151
3.0266
3.1637
2.9143
2.9689
3.8892
2.7998
2.5608
2.9502
2.6617
2.5339
1.8891
2.9810
2.5780
2.3347
2.6656
2.9795
2.3501
2.7184
2.4585
2.7648
2.4905
2.8017
2.9260
2.6768
2.7970
2.6423
2.4663
2.3533
2.2491
2.9338
2.9023
3.0152
2.9732
2.7680
3.1109
2.8377
3.2872
2.8823
2.2282
2.4128
3.3868
3.3660
2.0755
2.8734
2.2382
2.8174
2.4575
3.3328
3.5400
3.1857
2.0252
2.5300
2.9790
2.5601
3.6282
2.7096
3.1749
3.0662
2.2242
3.2563
3.3823
2.8941
2.3107
2.9783
2.7046
3.1236
2.9520
1.8404
2.0010
3.1025
2.4501
2.7482
2.3100
2.2251
1.9031
3.2572
2.3675
2.9325
3.0834
2.7730
2.6491
2.3549
2.4078
2.1483
2.9085
2.7333
2.7675
2.9196
2.7240
2.9561
2.1785
2.7284
2.9665
2.4248
2.2129
2.5943
2.8123
2.7066
2.8628
2.2087
2.1889
2.4690
2.8071
2.5664
3.3781
1.7953
2.5288
2.2039
2.8911
2.7433
2.9431
2.8428
2.8973
2.6743
2.6719
2.4955
3.1322
2.8633
2.9440
3.0837
2.5532
2.7701
2.5935
2.8924
2.5469
2.3966
1.6260
2.5291
2.6302
2.8259
3.2028
2.8740
1.5938
2.3766
2.5559
2.9421
2.7762
2.7083
2.9051
3.3465
2.4975
2.5618
2.4607
2.4225
2.9796
3.1369
2.4539
2.6229
3.1816
2.8053
2.5917
2.5756
2.5237
2.5738
2.7225
2.9439
3.0518
3.6249
3.0598
3.0156
2.4370
3.4558
3.2009
2.7635
1.9884
2.1388
3.1514
2.5358
2.7089
2.5193
2.6717
2.7303
3.2310
2.4946
2.7654
2.4596
2.1241
2.9617
3.3537
2.1811
3.4172
2.9686
2.5238
3.5638
3.4480
2.3214
3.0158
3.1932
2.2774
2.0983
2.3442
2.7961
2.6943
2.6834
2.9360
2.5652
2.8166
2.9688
1.6629
2.6410
2.5160
3.1331
2.5751
2.3545
3.4089
3.1143
2.2804
2.9682
2.5203
2.5336
2.8635
3.5458
2.5611
2.8376
3.0431
2.8454
3.3548
2.8237
2.7780
2.9247
2.7748
2.9647
3.2139
2.2393
2.9063
2.9963
2.8266
3.0715
3.1260
3.0808
2.9195
3.2583
2.6873
2.1165
3.1980
3.5440
2.3482
2.2560
2.6511
2.5159
2.8804
2.5668
2.2198
3.1849
2.7175
2.8502
2.3351
3.3945
2.4033
2.7406
2.3547
2.8316
2.4034
2.3785
2.1069
2.4434
3.0576
2.3815
1.8305
3.0994
3.5966
3.2479
2.7747
3.2638
2.8881
2.8667
2.4956
2.6570
2.2194
2.6752
2.7136
2.2161
2.5601
2.8065
2.3043
1.9293
3.3975
2.3186
3.1203
2.4999
3.3135
2.8232
2.4846
3.2978
2.6631
2.7164
2.9484
2.0522
2.1696
2.5669
2.8163
3.2115
2.9321
3.2767
2.7867
2.2178
2.8528
2.4751
2.3429
2.5956
3.3962
2.9631
2.5829
3.0257
3.1809
2.3436
3.0154
2.8381
2.7439
3.0798
2.9050
2.4434
1.8331
2.3468
3.1120
3.3521
3.3902
2.7930
2.4796
2.8732
2.4944
2.2506
3.0379
2.3509
2.3305
3.4700
3.1730
2.6601
3.4101
3.2772
3.4907
2.7403
3.5450
2.6535
2.5555
2.2971
2.9044
3.0950
3.1332
2.7531
3.0506
3.6043
3.2896
2.0718
3.4277
2.9299
2.9872
2.2102
2.3861
2.2742
2.2768
2.4707
1.9769
3.4453
2.6313
2.9993
2.8599
2.4872
2.7085
3.3484
2.2503
2.6494
2.6934
2.8339
2.5031
3.3284
2.1320
2.4317
3.4598
2.9914
2.5992
3.2068
3.0959
2.8646
2.5309
2.1243
3.3731
3.4146
2.5149
3.0775
2.5862
2.7388
3.0267
2.9765
2.7801
2.7255
2.8307
2.8479
2.4111
2.3545
2.6378
2.8599
3.3089
2.2991
2.8591
1.9662
2.7502
2.5084
3.0856
2.7272
2.8887
3.1098
2.2923
2.9228
3.0996
2.2476
2.8152
2.3865
2.7491
2.4820
3.0102
2.2875
3.0865
2.6867
2.1967
2.7657
2.8398
3.3784
3.3383
2.7368
2.5238
3.5611
3.1118
2.4690
2.6294
2.5700
2.6409
2.9193
3.3332
2.4448
2.9881
2.1356
2.5844
2.2053
2.8982
2.0571
2.7895
2.4816
2.9987
3.2966
2.8639
2.7854
2.7078
2.4783
2.6948
3.5853
3.0587
3.0327
3.4572
2.7803
3.0288
2.4085
2.6673
3.6744
2.8542
1.8459
2.8754
2.4260
2.7097
2.7598
2.8387
2.7181
2.4809
2.0405
2.6203
3.2311
2.4207
3.1344
2.6295
3.1528
2.4218
2.5988
2.8047
3.1359
2.4859
2.7593
2.4031
2.4846
3.5073
3.5062
2.1287
2.6951
2.9746
2.6833
2.9166
3.2642
2.8738
2.6207
2.5176
2.6812
2.2645
3.4411
2.5914
3.0046
3.1488
2.7634
2.9376
2.2529
2.9127
2.6801
2.6261
1.9508
3.1391
3.8637
2.2510
2.6182
2.4345
2.9919
2.5338
2.1966
2.7115
2.4563
3.1410
2.0452
2.9971
2.5865
2.4371
2.1922
3.2108
2.5506
2.8900
2.5014
2.1530
2.7537
2.4134
2.9282
2.6831
3.0474
2.2401
2.1452
2.0074
3.3972
3.3431
2.6620
3.1942
2.6887
2.6559
2.6415
2.2797
1.8021
2.2156
2.9920
2.0845
2.7232
2.1145
2.5340
2.9876
2.1346
2.1516
2.7278
3.0974
2.7550
2.6003
3.0337
2.4875
2.8730
2.6012
2.5991
2.3757
2.9023
2.2531
2.4156
2.5848
3.3634
3.2522
2.6984
2.0352
2.8473
2.1702
2.3500
3.3822
3.0512
2.6286
2.8238
2.7723
2.5159
3.2391
3.2554
2.8865
2.5080
3.5452
3.5835
3.1260
2.5200
3.0574
3.3242
2.6246
2.4076
2.9301
2.6813
2.7569
2.7860
2.4866
2.5283
3.2464
2.4249
2.7487
3.2374
2.8103
2.0360
3.3254
3.2927
2.8508
2.7414
3.2070
2.0598
2.9166
3.3806
2.9933
2.3305
3.1872
3.1203
1.9378
2.6438
2.5369
3.0606
2.2830
3.5278
2.4485
2.8033
2.7451
2.2344
3.0492
2.7673
1.7882
3.2435
2.2113
2.5765
2.4797
2.4379
2.7197
2.4732
2.4461
2.8984
2.3342
2.1039
3.2834
2.5196
2.2906
2.4939
2.1132
2.6442
2.7431
2.6660
2.9699
3.2743
3.0625
2.2991
3.3978
3.1177
2.9689
2.8404
2.3128
1.8074
2.6495
2.3359
2.4950
2.9564
2.7483
3.0616
2.4151
3.1202
3.0134
2.1877
2.4484
2.3308
2.5914
2.7242
2.8383
2.7739
2.4672
3.3691
2.4611
2.4166
2.9616
2.5386
2.9745
2.7427
3.2053
2.1040
2.6363
3.0637
2.0321
3.2357
2.7345
3.0037
3.1717
3.2234
2.7765
2.1515
2.2727
2.7120
2.5725
2.8861
3.3621
2.6689
2.5780
2.4199
2.6635
3.2617
3.0484
2.3075
2.1102
3.0246
2.6473
2.8904
1.9731
2.9747
2.8795
3.3199
2.7346
3.0431
2.7211
2.4687
3.1456
2.4519
2.1850
2.4085
2.5987
3.0076
3.1525
2.7694
3.3173
2.4861
2.9425
2.3082
2.4445
2.5699
3.2785
2.2207
3.4411
2.8683
2.5092
2.4858
2.5951
2.6259
3.0311
2.9552
2.9276
3.0549
3.0695
2.9610
2.4125
2.7562
3.1370
2.8335
2.7173
2.5203
3.3383
2.9576
3.1455
2.6752
1.9567
3.0535
2.7001
3.0538
2.8129
2.5484
3.0975
2.7357
2.9531
2.9720
2.1807
3.3883
3.0737
2.6244
2.3372
3.0851
2.5794
2.7266
2.9469
2.9092
2.7007
2.2770
2.3084
2.3520
3.7355
3.0973
2.1259
1.8851
2.6921
2.5702
2.0798
2.4311
2.1829
3.1193
2.6265
2.9850
3.3154
2.9844
3.0996
2.4436
2.4463
2.2771
2.7309
2.5256
2.7407
3.1020
2.4503
3.6612
3.0238
2.6676
3.0584
2.4065
2.6851
2.5909
2.4188
1.8456
2.8495
2.4277
3.1951
3.3667
2.5668
2.6405
2.8109
2.6491
2.6136
2.3396
2.4345
3.0715
3.4006
2.7453
2.9946
2.3102
2.6879
2.5089
1.9822
3.2641
2.4553
2.3803
2.3934
3.2102
3.4072
2.9150
2.5323
3.1264
2.6351
2.5605
2.1302
2.3534
1.5241
2.0914
2.9471
1.4808
2.4885
3.1016
2.9542
1.8353
2.1731
2.5831
3.1527
2.4745
2.2628
2.2933
2.8311
2.3278
3.1257
2.9074
2.9709
2.8427
3.0203
2.5081
2.6408
2.8220
2.6907
3.1058
2.4314
2.9522
2.4600
3.1078
2.4808
2.7952
2.7875
2.3580
2.7072
3.0737
2.2425
2.8652
2.5838
2.2457
2.7496
2.5355
2.6648
2.9482
2.0424
2.0455
3.0802
2.7423
2.9614
2.6979
3.0217
2.5585
2.9625
2.9425
3.2032
3.0189
3.6050
3.2414
3.2143
2.4488
2.5933
2.6225
2.9299
2.5270
2.4054
2.9239
2.7027
3.1415
2.8089
3.0226
2.2480
1.7592
2.9479
2.4955
2.7624
2.6851
2.3483
2.5615
2.4780
2.9128
2.8469
3.0110
3.2465
2.7622
3.0195
2.4518
2.3833
2.8184
3.0566
2.1752
2.7069
3.2888
2.5803
3.1796
2.5698
2.7461
2.3785
3.0584
2.9243
2.3119
2.6803
2.3526
3.3514
3.2223
2.6689
3.0794
2.0115
2.7133
2.7898
2.0952
1.9463
3.0111
2.4050
2.9558
2.3578
1.0887
2.2921
2.0854
2.4465
2.3053
2.8689
2.2880
2.5375
2.5351
2.6113
1.8255
2.3032
2.3930
3.4403
3.0893
3.0296
3.8151
2.4575
2.9465
2.5728
3.0132
3.3587
2.4976
2.1019
2.0153
3.0824
2.9590
3.0352
2.9496
2.4051
3.0393
2.3069
2.5383
2.5152
2.6437
2.8688
3.0546
2.7071
2.5461
2.5880
3.0150
2.2488
2.4131
2.6149
2.5798
2.3836
2.5807
2.5380
3.0636
2.8090
2.8768
2.5512
1.8214
2.8567
3.0055
2.8957
2.9380
2.4031
2.8862
2.7232
2.8882
2.8800
2.2217
2.8899
2.7232
2.5684
2.4305
2.6911
2.7006
2.8295
2.1864
2.3266
2.0764
3.5080
2.5958
2.8686
2.2071
2.7067
2.2041
2.5213
3.1256
2.7950
2.5231
2.3220
2.4411
2.6222
2.7727
2.5135
1.7301
2.3393
2.6653
3.1099
2.5952
1.8570
2.9535
2.3062
2.8768
2.5107
3.1105
3.1014
2.5895
2.5234
2.6652
2.8922
2.3894
2.6471
2.4819
2.4730
2.7881
3.0814
2.4775
2.0445
3.0483
2.5978
2.5796
2.9414
2.3758
2.5740
2.3099
3.3564
2.5858
2.1765
2.9416
2.3124
2.8854
2.8640
2.8187
2.8006
3.1285
2.4086
2.0543
2.3432
2.3718
2.6725
2.9154
2.5946
2.6027
2.3738
2.9161
2.4077
2.6035
3.1408
2.4960
1.9977
2.8393
3.2124
3.2524
2.7332
2.7612
2.3060
2.9555
3.0746
3.0069
2.7903
2.2898
2.7617
2.4311
2.4366
2.8869
2.6680
2.5353
2.4799
2.5951
2.5457
2.6817
2.8494
2.3652
2.6254
2.2884
2.2181
2.3001
3.0349
3.1556
2.7422
2.5045
2.3912
2.4064
2.5562
2.5863
3.0854
3.0944
2.0256
2.1802
2.9373
2.1757
3.0866
2.7343
2.9619
2.7245
2.9145
2.2061
2.7901
2.9898
3.2399
2.6130
2.9782
2.1166
2.8752
3.1139
2.4315
2.8400
2.7444
2.7272
2.3135
2.7333
2.8570
2.7942
2.3980
2.6201
2.0366
2.7187
2.2276
2.5960
2.7091
2.8170
2.8969
3.0064
2.2427
2.7583
2.7048
2.4918
2.9729
3.0447
2.9371
3.0467
3.0429
2.6238
2.2893
3.2492
2.1164
2.5066
2.4882
2.3042
2.6851
2.3732
2.4166
2.5175
2.3415
2.0851
2.5911
2.6034
3.1645
2.3301
2.6943
2.1452
2.6898
2.7361
2.4177
3.1454
2.3837
2.3782
2.4695
2.9689
2.5311
1.4843
2.5016
2.4762
2.7810
2.8952
2.8097
1.9934
2.4841
3.1314
2.7149
3.2231
2.8737
2.7251
2.4890
3.0645
2.7696
3.1992
2.5345
2.7695
3.0383
1.6594
3.0241
2.0336
2.9203
3.1362
2.5374
3.4669
2.5756
2.6060
2.4129
2.8626
3.0314
2.8235
2.8117
3.0648
3.3465
2.5673
3.1265
2.5310
2.3973
2.9549
2.5527
3.0602
2.4452
3.0067
2.7624
2.5275
2.9223
2.6840
2.5271
3.3502
2.5315
2.6130
2.7450
2.5474
3.2365
2.6116
2.3782
2.8398
2.8987
2.6952
3.2444
2.4915
2.2156
3.0082
2.8943
2.5570
3.4987
1.7367
2.5223
2.7032
3.0676
3.0156
3.3023
2.8872
2.6686
3.0940
2.6722
2.7390
2.2459
2.5494
2.6014
2.2396
2.4218
2.7153
2.8321
2.8603
2.5383
2.5319
2.0872
2.5234
3.0282
2.6195
3.6582
3.0412
2.3524
2.3620
2.4427
2.9326
2.6407
2.0118
2.4643
3.0304
2.3027
2.8201
3.4625
2.5379
3.1508
2.6890
3.0693
2.1961
2.9911
3.0392
2.1343
2.2354
2.9805
3.2985
2.8833
2.9393
3.0037
2.3160
2.3428
3.0403
2.7756
2.9254
3.1316
2.3801
2.9159
3.2795
2.9719
2.8846
2.9984
2.7617
2.6639
3.1672
2.7435
2.6482
2.0011
2.4293
2.7432
2.8986
3.0429
3.0205
2.2455
2.7568
2.8368
2.6921
2.9767
2.6942
2.5703
2.5603
2.8556
2.0938
1.7918
2.8370
2.8395
2.9985
2.6097
2.7437
2.2958
2.9286
2.6771
2.9105
2.6453
3.0240
3.2100
2.2764
2.3470
2.1137
4.0640
2.3699
3.2016
2.9088
2.7561
2.1162
3.0828
3.2012
2.5857
2.4873
2.9784
2.4949
2.3381
3.6059
3.0706
2.7658
2.1247
2.8418
2.9530
2.7081
2.0779
2.7237
2.3568
3.1603
2.2771
3.1470
3.0117
2.2160
2.1196
2.6487
2.9882
3.2078
2.9824
2.0952
2.8311
2.5990
2.9158
2.3083
2.5756
2.2229
3.0154
3.0032
2.2907
2.9709
2.7527
2.9104
2.3898
3.1069
2.8663
2.4282
2.7071
2.6791
2.1833
2.6961
2.5885
2.6927
2.8725
3.4310
2.5344
2.6355
2.7298
2.8177
2.5235
2.8386
3.1936
3.1160
2.6514
2.8917
2.7790
2.5700
2.8940
2.7920
2.7611
1.6051
3.2739
2.6496
2.6804
3.4112
2.8210
2.4131
2.7550
2.9295
2.0080
2.5447
2.3218
2.1690
2.7066
2.8987
2.6540
2.7884
3.2939
3.1123
2.4689
2.8518
2.7477
2.3634
3.1945
3.4487
2.8383
2.4813
2.5261
3.0588
1.7498
2.1110
2.8812
3.0128
2.2923
1.9689
2.9110
3.2037
2.1891
2.5936
2.4023
2.8880
2.6323
2.1962
2.8800
2.1282
2.5305
2.6081
2.7542
2.8619
3.3854
2.5789
2.5673
2.7290
3.0229
2.6176
2.3384
2.6125
2.3722
2.2573
2.7180
2.6792
2.2579
2.6184
2.3911
2.6262
2.5892
2.6823
3.3619
3.1236
3.0271
2.3075
3.0469
2.6528
2.7255
2.6520
2.6550
2.1068
3.0282
1.9591
2.5345
2.8594
2.4986
3.1567
2.3655
2.5747
2.2854
2.6543
2.4039
2.9359
2.1963
2.7047
1.8847
2.3907
2.8771
2.7542
3.1221
2.0782
2.7017
2.4404
2.6726
2.8882
2.6560
2.2544
2.8415
2.7276
2.4369
3.1015
2.5154
2.8274
2.8110
2.9782
3.3301
2.2695
3.0164
3.1522
3.0118
2.4517
3.0125
3.0649
2.4011
2.0459
2.3482
3.1492
3.0930
2.5898
3.3291
2.9112
3.1355
2.6809
2.2462
2.3897
2.6602
3.0226
2.4558
3.1595
1.7886
2.1426
2.4470
2.8115
2.6241
2.9850
2.1822
3.0187
2.9082
2.4453
2.9899
2.3236
2.8179
3.4141
2.7704
2.8584
2.4020
2.6324
3.0211
2.9692
2.6632
2.3048
2.2972
3.0917
2.2261
2.9595
3.1477
3.1514
2.1002
2.6507
2.7789
2.8460
2.3001
3.0120
2.3450
2.7210
2.8171
2.9537
3.1257
2.9664
3.0378
2.2401
2.9173
2.2627
2.3378
2.6184
2.8935
2.8261
2.5742
3.0395
2.7800
2.2567
2.4260
2.3656
2.0627
3.0654
2.8207
3.4949
3.2307
2.2711
2.8068
2.7630
2.7030
3.1678
1.8904
2.8045
2.1649
2.3319
3.3581
2.7189
2.2155
2.5371
2.7487
2.5187
2.1739
2.9139
2.6422
2.6463
2.1978
3.2999
3.0504
2.5226
2.5927
2.5642
3.3305
2.8624
2.0787
2.5345
3.4109
2.8056
2.9809
2.5142
2.9173
2.4398
3.1531
2.4052
2.5370
2.0079
3.3598
2.2704
2.6514
2.5212
2.8648
2.8252
2.4639
2.8135
3.0352
2.7924
3.3721
1.9571
2.9040
3.6698
2.3171
2.7057
2.2946
2.9038
3.1926
1.9859
1.9748
1.7689
2.6288
3.3707
2.4943
2.4215
2.0558
2.6409
2.5738
2.1033
1.9478
3.0708
2.8741
2.2039
2.6538
2.8536
2.3622
2.7912
2.2993
2.3043
2.8999
2.6100
2.8761
2.4620
2.5844
2.4913
3.3764
2.6446
2.8404
3.1271
2.6974
2.9382
3.0839
3.0737
2.6164
3.0115
2.8110
2.2216
2.6143
3.0141
2.6810
2.8106
1.8099
3.1643
3.5124
2.6496
1.8544
2.1510
3.2047
3.1240
2.4154
2.2591
2.6244
2.9748
2.1792
2.1866
2.0947
3.0788
3.1211
3.0320
2.7529
3.5147
2.6695
2.7989
2.7614
2.9673
2.9691
2.8300
2.5163
2.0214
3.1932
2.4749
2.1351
2.5733
2.2955
2.4498
2.3213
3.0311
2.8593
2.3170
2.9484
2.7407
3.1635
3.1392
3.0636
2.1301
3.1082
2.1742
2.1822
3.3326
2.2336
2.6672
2.4783
3.4385
2.6476
2.0330
2.4449
3.1883
3.2200
3.0455
3.4940
2.5815
3.0583
3.7177
2.5986
2.3845
3.2427
2.7614
2.6506
3.6119
2.6851
2.9327
2.5923
2.9209
2.9947
2.9744
2.5797
2.0495
2.5225
3.0849
2.9819
2.5615
2.0943
2.9542
2.9605
2.9163
2.0878
1.6897
2.9213
2.5228
2.6602
2.8913
1.8482
2.3602
2.2560
2.1545
2.9663
2.8680
2.4838
2.6114
3.2955
3.7154
3.0387
2.0455
2.6766
3.1331
3.0574
2.7075
2.4388
3.3086
2.7277
3.1660
2.6984
2.7606
2.7125
1.7995
2.4490
3.0408
2.9836
2.9711
3.2233
2.7124
2.7051
2.2286
2.4868
2.4611
2.9079
2.4132
2.4412
2.9290
2.4653
2.8013
2.6707
2.9980
2.8559
2.5421
2.0629
2.8755
2.7611
3.0968
2.4916
3.0011
2.8953
2.9599
2.5327
2.7685
3.0351
2.8767
3.1673
2.8849
2.2656
2.7756
2.8936
2.6891
2.6707
3.1602
2.2747
1.9233
2.4669
2.6498
2.3752
2.3223
3.6478
2.4471
2.5888
2.7737
2.5089
1.6956
2.8111
2.0938
3.4240
2.7443
2.9255
3.2305
2.8331
2.1121
3.0871
2.2482
3.1358
2.7172
2.5586
2.9124
3.4615
2.5236
2.1966
2.7772
2.7428
2.9184
2.3344
3.1828
2.7314
2.2278
2.9353
2.7651
2.5097
2.9009
2.1559
2.5013
2.3266
2.8629
2.5367
2.2814
2.7353
2.6969
1.9014
3.0806
2.1572
2.9468
2.4718
2.2872
1.5932
2.8320
2.8161
2.6969
2.9027
2.9386
2.7995
2.7860
2.7001
2.5303
2.1369
2.5870
2.7599
3.1760
2.5000
2.7671
3.0960
2.4528
2.4001
1.9823
2.2621
2.5955
2.4012
2.9127
2.5259
2.2907
2.4270
2.3453
2.6715
2.4641
2.4003
2.5559
3.0791
2.8688
2.4369
2.8803
2.7279
2.7145
2.6158
2.1370
2.0601
2.7755
1.7911
1.6557
1.7905
2.4107
2.9606
2.3081
2.1286
2.9789
2.0800
3.0239
2.3508
2.4824
2.9000
2.0807
2.6655
2.4914
3.0277
3.2737
2.9999
2.4895
2.7986
2.3481
2.8915
2.7143
2.1303
2.7878
2.4123
1.9687
2.9511
3.3344
2.3153
2.3036
2.6681
2.7103
2.2210
3.1884
2.8415
2.7344
2.9012
2.9362
2.5588
3.4584
2.5342
2.5841
2.4995
2.6576
3.3366
2.5924
2.8211
2.9402
3.0448
2.5073
3.1979
2.2689
2.2832
2.0200
2.2805
3.3303
2.3762
2.2535
2.3863
2.8151
2.6905
2.4004
2.9589
2.7760
2.5129
3.3416
2.8518
2.5177
2.6172
3.3404
3.0340
3.0665
2.4213
2.7985
2.5232
2.0377
2.4953
2.3847
2.8976
3.1623
3.0457
2.9228
3.0163
3.7980
2.8384
3.5874
3.2873
2.3534
3.2669
2.3795
3.4322
3.3412
2.3016
2.9450
2.9957
1.8533
3.0820
2.3999
2.7689
2.8575
3.2199
2.9538
3.3121
2.3606
2.6896
2.7161
2.7060
2.1938
2.9807
2.8249
2.8552
2.8558
2.7972
2.5157
3.0223
2.4001
2.8201
3.5876
3.1689
2.5386
2.5404
2.5244
2.7249
3.4820
2.9222
2.7687
2.4756
2.8552
2.9583
2.3896
2.5990
2.6571
2.7948
2.8804
2.0582
3.0558
2.2289
2.4294
3.1510
2.3423
2.5506
2.8197
2.5006
3.0057
2.5622
2.6982
3.0553
2.4964
3.5700
2.9055
2.8370
2.2857
2.4503
2.9750
2.7761
2.3525
3.1353
2.0715
2.8260
2.9747
2.0059
3.2163
3.0800
3.3272
2.6957
2.1444
2.8706
2.7673
2.5286
2.7990
2.7683
2.3493
3.2582
2.6437
2.4788
2.5590
2.9073
2.7688
3.0727
2.5006
2.6204
3.0629
2.5217
3.0822
2.4426
3.0504
2.7147
3.0624
2.5257
3.2115
2.5407
2.3217
2.6058
2.8690
3.5970
2.5724
2.8492
2.7395
2.8727
2.8365
2.7499
1.8919
2.4698
2.7032
2.6936
2.5771
2.5824
2.6919
1.7949
3.0590
1.9808
2.7815
2.1792
2.1273
2.7319
2.7387
3.0777
2.7066
2.3161
2.5415
2.2973
2.4522
3.2730
2.8974
2.9707
1.8656
2.6360
2.3058
2.6675
2.8924
2.2561
2.8330
3.0100
2.9625
2.4431
3.0354
3.1106
2.8655
2.9739
3.3569
2.9290
2.8405
3.2609
2.8259
2.7995
2.8075
2.4114
2.3950
2.8138
2.2056
2.7840
2.2781
2.4292
2.0680
2.9525
3.2354
2.9405
2.3826
3.0269
3.5203
3.3374
2.9774
2.8600
3.2440
3.0698
3.0262
2.8450
2.9122
2.6005
2.4504
3.3747
3.1016
1.7499
1.9099
3.0746
2.5603
2.0291
2.7504
2.2984
2.7850
2.8834
2.7812
2.7722
3.1207
2.5183
2.2437
3.1222
2.9093
2.7939
2.4290
1.9312
3.4162
2.2662
2.9434
2.3835
2.5285
2.8957
2.4534
2.0606
2.5480
2.0115
2.3746
2.9054
2.2969
3.1240
2.5315
2.1672
2.7147
2.7614
2.6049
2.4532
3.0520
2.9462
2.7547
2.5658
2.5371
3.4558
2.5273
2.0280
2.5645
2.8833
3.4331
3.1441
2.6515
2.1132
1.6795
2.9646
1.8262
2.7308
2.7927
2.6125
2.7177
2.9259
2.4974
3.2650
3.0231
2.4174
3.5059
2.7799
3.1568
3.3825
2.5468
2.8166
2.9121
2.9797
2.4632
2.8324
2.1676
2.8010
2.9432
2.5101
2.7205
3.3830
2.2508
2.6121
2.5749
2.0771
3.3307
2.1770
3.1554
2.9496
3.7011
2.9070
2.6728
3.2156
3.3021
2.8028
3.1595
2.9006
2.7741
3.0829
2.2953
3.0044
3.1069
2.7556
3.2117
2.8305
2.7158
3.0518
1.8526
2.3382
2.0799
2.9592
3.5786
3.1952
3.2108
2.5501
3.1630
3.6530
2.3762
2.2092
2.6025
2.1446
2.4477
2.7005
3.2592
2.4328
2.6688
2.5834
3.5748
2.8505
2.4159
2.8851
2.8391
2.5777
2.7989
2.6363
2.2564
2.7165
2.8906
2.4959
2.6438
3.3358
2.1159
3.0122
3.5388
3.4077
2.2790
3.0224
3.3934
2.6985
2.6350
2.5219
2.3865
2.7620
2.5328
2.0714
2.9049
2.8097
2.5114
2.2126
2.3857
2.3492
3.0153
2.1551
2.4002
2.9380
2.9031
2.5792
2.6773
2.3121
2.9950
2.9926
2.8791
1.9584
2.8446
2.5533
2.9512
3.4801
2.6187
3.2337
2.5166
3.0202
2.7080
2.9659
1.8231
2.1527
2.9682
2.0070
3.2026
3.0294
2.5716
1.9217
3.6521
2.6812
3.1157
2.4078
2.4721
3.3751
2.7704
2.5989
3.0715
2.9173
3.0504
2.8710
3.1508
2.6828
3.3823
2.3505
2.7625
2.3034
2.5705
2.3309
2.7922
3.4084
2.8789
3.2452
2.4910
2.9719
2.8733
3.4828
2.5488
3.1179
2.4703
2.8081
2.0654
2.9830
2.8050
2.7133
2.4030
1.7429
2.3502
1.8989
2.0817
2.2597
2.4418
3.0584
3.1806
3.1351
3.2431
2.6594
2.3837
2.8421
3.3707
2.7362
2.8923
3.2096
3.2834
2.2179
2.7172
3.4215
2.1752
2.7614
2.8039
2.3809
2.9869
2.3450
2.8564
2.0433
2.5503
2.7142
2.6542
2.2425
2.8469
2.5514
2.4606
2.6579
2.8662
2.4661
3.1207
2.5388
2.7315
2.7630
3.2213
2.8996
3.0106
2.9211
3.2826
2.5323
3.1010
3.3296
2.3845
2.8763
3.0307
2.3249
2.5184
3.3869
2.6855
2.6907
2.5726
2.7368
2.8557
2.9679
2.1558
2.6569
2.9199
2.5496
3.2587
2.3958
2.4692
3.4170
2.5114
2.9160
2.7105
3.6923
3.1116
2.0455
3.1708
2.5722
2.4885
2.7574
2.8644
3.1909
2.5959
2.7141
3.1282
2.8029
2.4360
2.4802
3.1316
2.9929
2.8079
2.4316
2.8746
3.1111
2.1533
2.8916
2.4843
2.1265
2.5890
2.9306
2.9982
2.4950
2.7291
2.6219
2.7044
2.4906
2.9971
3.1640
2.2499
2.6829
2.8533
2.6937
3.1382
2.0658
2.9428
2.4506
2.4002
2.0659
2.9425
2.8013
2.6674
2.7586
2.9845
2.0139
2.4472
2.9688
1.7215
2.7925
2.1299
2.8632
1.8077
2.4681
3.3149
2.5740
2.0182
2.9381
2.9805
2.7615
2.2482
2.1634
2.8811
2.9691
2.8260
2.6394
2.7143
2.9507
2.4965
2.7519
2.5565
1.4788
2.3442
1.7856
3.4634
2.1392
2.8767
2.5693
3.2695
3.1837
2.5206
2.8106
3.1336
3.3732
2.4999
2.4155
3.6838
2.6610
2.2174
2.9597
2.7255
3.2369
3.0040
2.3168
2.4235
2.3696
2.8636
2.8281
3.1919
2.0899
3.0465
2.7329
2.5332
3.1907
2.4215
3.3830
2.8590
2.5096
2.4443
2.7077
2.6839
2.3965
2.6353
2.5485
3.0509
2.3115
3.0093
2.9310
2.7146
3.1702
2.8467
2.6797
3.1215
2.5152
2.8883
3.3114
2.3400
2.4470
2.7966
2.6863
2.5225
2.8736
3.4254
2.5443
2.4725
2.6464
2.7189
3.0175
2.4506
2.5449
2.8709
3.1417
2.2395
3.8684
2.1732
3.1996
2.1136
2.8162
2.9463
2.7744
2.8073
2.5676
2.6979
3.2843
2.5087
2.9484
3.4065
2.8579
1.8227
2.8866
3.1677
2.9668
2.2728
3.1827
2.9409
2.3313
2.8897
2.7504
2.3668
2.9319
2.2556
2.8052
1.8493
2.8695
3.0365
2.7374
3.0546
2.6489
2.4717
3.0628
3.0337
3.1428
2.6986
3.1384
2.9844
2.2844
2.3584
3.3193
2.2815
3.0694
3.1199
2.1550
2.5379
3.1147
2.9969
3.3608
2.8016
3.4652
2.2015
2.6860
3.4164
3.0797
2.8796
2.5242
3.2530
2.6854
3.2383
2.0753
2.5009
2.0775
2.9497
2.8085
2.8551
2.8474
2.5095
2.4867
2.7275
2.8248
3.0340
2.5203
2.7796
2.5641
2.7680
2.0564
2.4598
2.4864
2.0698
3.0921
2.3383
2.5804
2.2755
2.2118
2.1403
2.3574
2.4311
2.5610
2.6524
3.3414
2.6815
2.1174
2.7970
2.2870
2.1704
3.1586
2.4475
2.6312
2.8394
3.6995
2.2733
2.5267
2.5150
2.7430
3.4064
3.1665
2.5831
2.2717
2.4944
2.9843
2.8229
2.4392
3.1041
3.5065
3.1547
2.6188
2.8982
2.7760
2.1958
2.6337
2.1939
2.1569
2.6385
3.0922
3.2954
2.9501
2.3765
3.1753
2.5670
3.0830
2.5565
2.6470
2.9786
2.4258
2.9473
1.9279
2.8646
2.9229
2.8074
2.9274
3.3780
2.5136
3.1316
2.1318
2.4818
3.5182
2.2309
3.0710
2.6567
2.0991
2.6054
3.1854
3.2166
2.1590
3.3946
1.9383
3.0031
2.9751
2.6144
2.6555
2.8170
2.6348
2.2042
2.6216
2.0703
2.3111
2.7981
2.6317
3.2072
2.4576
1.8467
2.1193
3.0769
2.1904
3.4028
3.1718
2.8829
3.3110
3.1623
2.2761
2.8671
2.4275
2.9547
3.1727
3.2058
2.2147
3.1681
2.6549
1.8396
2.7236
2.7777
2.7705
3.0223
2.8711
2.4246
2.6656
2.9418
2.8302
3.2670
2.5682
2.7761
2.8803
3.0998
2.1795
2.5541
2.1874
3.3062
3.1442
3.0022
2.5912
2.5296
3.0428
3.0022
1.8391
2.8913
2.2087
2.1539
2.0260
3.1422
2.6145
3.3895
2.3016
2.8644
3.4158
2.8494
3.2595
2.3140
2.8509
1.7026
2.7004
2.7122
2.7776
3.0030
2.6498
2.3210
2.6005
3.2513
2.6249
2.2838
2.8658
2.5945
2.6600
2.2392
3.5891
2.3159
2.7424
2.5249
2.5335
2.2900
2.1398
2.1070
3.3166
2.5766
2.6076
2.4437
1.9352
3.3253
3.0886
2.4776
3.0025
2.8941
2.5980
2.8052
3.1482
2.5569
2.6538
2.4807
2.4807
2.5150
2.3393
2.1975
2.3371
3.8372
2.4015
2.3246
2.9306
2.8339
2.3144
2.4329
2.6370
3.2860
2.7584
2.8467
2.6540
2.6533
2.6556
2.4503
3.0020
3.1177
2.1162
3.0404
2.8557
2.8804
3.1993
2.6623
2.6617
2.7190
2.7845
2.9156
2.9704
2.5277
2.6314
3.4540
3.2523
2.4950
2.9271
2.4942
2.4536
3.1400
2.6654
2.7097
2.8831
3.0730
2.5654
2.7655
2.4416
2.6076
2.5062
2.5121
3.2077
2.2701
2.7306
2.4758
2.1810
2.3644
2.6557
2.0620
2.8801
3.4838
2.4419
2.5127
2.8075
2.1607
2.3177
3.2922
2.7529
2.1193
2.6562
2.1439
1.9542
2.7362
2.8164
2.5052
2.4137
2.9329
3.6759
1.9031
2.5997
2.7588
2.5727
3.1332
2.0303
2.3310
2.8914
2.9519
3.4807
2.4516
2.3790
2.2424
2.6831
2.4044
2.7001
2.2208
2.7881
2.4888
3.0149
2.3322
3.0674
2.1609
3.2045
2.0724
3.1155
3.4306
2.9591
1.8559
3.0459
2.0960
2.7706
2.7164
2.9105
3.0099
2.6299
2.2869
2.7994
2.4957
3.0022
2.7868
2.4938
2.4159
3.0057
2.9053
2.9353
2.5849
2.5451
1.9215
3.0559
2.9459
2.4251
2.8563
2.3692
2.3694
2.8479
2.4442
3.0649
3.2766
2.3036
2.4197
2.7390
3.0306
2.9256
2.5265
3.1733
2.1106
2.5992
2.4573
2.5042
2.9861
3.1087
2.3665
3.4125
1.8142
2.7501
2.1449
2.8001
3.0524
2.8545
3.0714
2.6752
2.4059
2.5291
2.5485
2.7107
3.1983
3.3295
2.6930
2.2986
2.4426
2.6878
3.5039
2.9141
2.3937
2.6407
2.8569
2.6208
3.2529
3.1689
3.0142
2.5183
3.1625
2.9819
2.5367
2.5286
3.0036
3.0847
3.3609
2.1111
2.0480
2.1194
2.9471
2.9850
2.7638
2.4531
2.8198
2.4804
3.1867
2.3442
2.9180
1.5964
2.4698
2.4460
2.5232
2.7080
2.9008
2.7641
2.8634
2.3701
2.4167
2.7280
3.0262
2.3768
2.8477
2.5799
3.0451
2.9108
2.6518
2.7020
2.0664
2.4391
2.0152
3.0663
3.0642
3.0962
2.8359
2.9920
3.5340
3.1225
3.0683
2.5272
2.8125
3.0293
2.7725
2.8476
2.6942
2.9948
2.2538
2.2924
2.4153
2.9890
2.4483
3.0174
2.0893
2.6568
2.1647
2.5087
2.7198
2.2680
2.6572
3.2059
3.0843
2.7053
3.0141
2.6274
1.9952
3.0763
2.4858
2.7386
2.2979
2.8168
2.3838
2.5638
2.8915
2.8540
2.6300
2.6918
2.8716
2.6547
1.8735
2.7229
2.8937
2.6666
2.8891
2.5799
3.4806
2.7016
2.8107
2.5668
2.7836
2.5376
2.4276
2.7722
2.8145
2.4866
3.4821
2.0889
2.6245
2.4160
2.1716
2.8749
2.7455
3.2513
2.6549
2.5808
3.2798
2.6274
2.8299
2.5125
3.0256
1.8069
3.1105
3.0088
1.7921
2.4276
2.2727
2.3302
2.8967
3.1977
3.1179
2.3363
2.8438
2.6758
1.8502
2.9935
2.3122
2.7956
3.2861
2.4845
2.1372
2.5264
2.4447
2.8702
2.5619
2.8805
3.3363
2.6974
2.9124
2.0784
2.8813
2.5542
2.7753
2.5658
2.8153
2.7793
3.0427
2.9748
2.4006
2.1615
2.1460
2.5034
2.2538
2.8374
2.7905
2.7799
2.7626
2.6758
2.6786
2.7144
3.2680
2.2653
3.0780
2.9528
2.5494
2.5054
2.8849
2.2465
2.5798
2.5102
2.5471
2.5182
3.2437
2.1967
2.3410
3.2037
2.3116
1.4886
2.6755
2.6815
2.6217
2.8048
3.3889
2.5120
2.8974
3.5159
2.5371
2.4018
2.6326
1.8024
2.3837
2.5259
2.8175
3.1453
2.5348
2.6535
2.8347
2.3663
2.3211
1.7791
2.4798
2.8028
2.2683
2.8432
2.6662
2.1643
2.8607
2.5899
2.7070
2.2668
2.9281
3.1432
2.4189
3.0442
2.0970
2.0064
2.5514
2.7557
2.4058
2.1505
2.5485
3.2475
3.0280
2.3620
2.5076
2.9595
2.4518
2.7463
2.9180
3.1271
2.7716
3.1690
2.7430
2.7478
2.7202
2.8568
3.0989
2.0690
2.8091
3.4128
2.6679
3.5965
2.1967
2.9098
2.4229
3.6482
2.0870
2.0705
2.6197
2.3489
2.3833
2.6205
2.6750
3.0724
2.7671
2.6808
2.1998
3.2144
3.0196
2.2434
1.9147
3.0141
2.2106
2.6919
2.2573
2.2762
2.8341
2.4480
2.5177
2.4146
3.1760
2.9530
3.0152
2.7622
3.1062
1.9729
4.1877
3.2809
2.7388
2.7150
2.2462
1.7922
2.8287
2.2525
2.5491
2.3847
2.0923
2.5674
2.9785
2.6709
2.3175
2.4770
1.8526
2.5786
3.1404
3.2488
2.8935
2.5839
2.0688
3.2760
2.6387
2.1505
2.4513
2.4711
2.9013
3.1886
1.8915
2.8686
2.1366
2.6092
2.7588
2.6405
2.1210
2.9803
1.6966
2.3327
3.1352
2.8766
2.4472
2.6640
2.4841
2.1388
3.2044
2.4414
2.7450
2.1495
1.9996
2.7321
2.6960
3.2292
2.3535
2.7087
2.5552
2.9971
2.9763
2.6366
3.0871
2.8579
2.5188
2.6445
2.4298
3.1127
2.9731
2.7969
2.9237
3.3327
2.8442
2.6115
2.4842
2.8999
3.0424
3.1496
2.7941
2.8965
2.8120
2.9774
2.7782
2.6041
3.6979
3.1164
1.9965
2.8272
2.9670
2.6845
2.4885
1.9801
2.2045
2.6025
2.4210
2.9889
1.8700
2.8844
2.1414
2.9835
1.9601
2.1009
2.5856
2.4502
2.5072
2.6215
2.5410
2.3288
2.2951
2.8904
2.6259
2.3465
3.4712
2.7393
2.0776
2.4589
3.3375
2.6784
2.3928
2.2741
2.7879
2.4769
2.8075
2.6059
2.6438
2.4862
2.8334
3.0469
3.1988
2.6930
3.1119
2.6846
2.8303
2.6564
1.9422
2.6393
2.3730
2.7967
2.8729
2.7420
2.4603
2.5826
1.9280
3.2894
2.1049
2.5791
2.7258
2.4540
3.0189
3.2774
2.8024
2.7677
2.3064
2.5344
2.7489
1.8885
2.6021
2.5559
3.2952
2.5205
2.9726
2.7349
2.5474
2.1360
2.2254
2.5535
2.7588
2.7716
2.4276
2.0718
3.4139
2.1908
2.8498
2.9720
2.4760
2.7161
2.0615
2.8121
2.8350
2.5996
2.8306
3.7289
2.4024
2.7132
3.0051
2.8187
2.4732
3.0683
2.5301
3.2282
2.8343
2.3918
2.8944
2.6986
3.4790
2.5118
3.4823
2.7405
2.8748
2.5819
2.9428
2.2483
2.9662
2.7389
3.6668
3.2792
2.6140
2.5521
3.2218
2.8432
2.1576
2.5687
2.6915
2.7573
2.7582
2.5743
2.7883
2.4410
2.7517
2.2180
2.2566
3.5436
2.1209
3.2254
2.8350
3.2346
2.0774
2.3314
2.3987
2.0201
2.6435
2.5076
2.8332
1.9731
2.1907
2.7494
2.4397
3.1211
2.4309
2.8693
2.1820
2.5835
2.3656
2.1225
3.0879
2.2640
2.7243
2.4713
2.2614
2.0734
3.7088
3.1577
3.1570
2.6863
2.8492
3.0752
2.7942
2.6774
2.9891
2.6538
2.5266
2.9745
2.7397
3.2688
2.4816
2.7585
2.7712
2.5881
2.2379
2.0132
2.6647
3.1878
2.7658
2.0782
2.6275
2.9905
3.0207
2.7838
2.1626
2.7546
2.7631
2.4706
2.9444
2.7305
1.9043
2.3028
2.7534
1.9093
2.0005
2.7326
2.0178
2.4121
2.0577
3.1811
2.7437
2.4078
2.5478
3.1266
2.0028
2.4943
2.6720
2.4803
3.0604
2.1005
2.4487
2.2758
2.6241
2.6364
2.4606
2.9082
3.2122
2.5349
3.2618
2.3222
2.6315
2.7802
2.5403
2.3296
3.1303
2.7088
2.9049
2.0384
3.0189
3.2960
2.5971
2.7626
2.5639
2.1406
2.5521
2.5210
2.6651
2.7463
2.9814
2.5487
3.1882
1.9842
1.8669
3.0177
3.1569
2.6943
2.3850
2.0760
2.8082
2.7276
2.8611
3.0334
2.6287
2.9903
2.7343
3.1909
2.5822
2.7153
2.4825
2.9928
3.1315
3.3330
2.8830
3.2766
2.7013
2.5516
2.1109
2.7996
2.7599
2.5295
1.5757
2.6194
2.5237
2.9917
3.0393
2.5652
3.0414
2.2517
2.9029
3.2639
2.7506
1.8545
2.1669
2.0346
2.7300
2.7509
1.9924
2.4804
2.6036
3.3046
2.8415
2.2244
2.4077
2.5523
2.5734
3.2830
2.6910
2.3861
3.0193
3.1820
2.5626
2.3957
2.9931
2.5464
3.2590
2.7259
2.3863
2.3613
2.3373
2.5163
2.6107
3.0474
2.4178
2.2249
2.7619
2.4279
2.8703
2.9211
2.9618
3.0126
3.4065
2.3912
3.2981
2.3327
2.8525
2.2380
3.1033
3.2573
2.8573
2.7779
3.3458
2.7888
2.2535
2.2806
3.2802
1.9927
2.5315
2.9659
2.6802
2.9326
2.3528
2.5843
2.0344
